id,Y,M,O,Total
01001_AM,1065,4747,3102,8914
01002,2470,5916,2117,10503
01010_AM,1554,3583,1263,6400
01031_AM,1143,3932,2584,7659
01036,3470,9970,4161,17601
01043_AM,958,4100,2778,7836
01047_AM,568,2152,1401,4121
01051,359,2710,2147,5216
01058_AM,1022,2438,938,4398
0105901,700,20306,15404,36410
0105902,1284,37237,28249,66770
0105903,973,28242,21425,50640
0105904,579,16809,12752,30140
0105905,975,28287,21459,50721
0105906,160,3115,2408,5683
01063_AM,1180,2641,711,4532
01901_AM,556,3311,2482,6349
0200301,3103,10026,11936,25065
0200302,4730,15283,18194,38207
0200303,2441,7887,9389,19717
0200304,2374,7669,9130,19173
0200305,1963,6342,7550,15855
0200306,2068,6682,7954,16704
0200307,2983,9639,11475,24097
0200308,982,3323,3686,7991
02008_AM,598,2717,1790,5105
02009,4190,15165,6237,25592
02010_AM,607,3080,1580,5267
02012_AM,485,2972,3203,6660
02021_AM,729,3147,2016,5892
02024_AM,612,3235,1664,5511
02025,1340,4950,4632,10922
02029_AM,554,3924,3880,8358
02030_AM,1196,3955,2196,7347
02033_AM,1360,4152,3002,8514
02037,2616,16636,11427,30679
02045_AM,1373,4774,2888,9035
02053_AM,1619,5197,2728,9544
02063_AM,1056,3429,1493,5978
02067_AM,421,2787,1815,5023
02069_AM,2318,11391,7670,21379
02073_AM,826,3498,3338,7662
02074,317,2738,5504,8559
02079_AM,1297,4808,2661,8766
02081,2532,15916,8552,27000
02086_AM,598,2627,1966,5191
03002_AM,597,2635,2487,5719
03005_AM,1568,6721,6216,14505
0300901,493,2314,1479,4286
0300902,823,3863,2470,7156
0300903,816,3832,2450,7098
0300904,941,4416,2823,8180
0300905,826,3880,2480,7186
0300906,621,2918,1865,5404
0300907,902,4236,2708,7846
0300908,1707,5855,3132,10694
03011,1378,10892,6886,19156
0301401,2583,9780,8304,20667
0301402,4100,15521,13178,32799
0301403,6110,23132,19640,48882
0301404,9404,35730,30033,75167
0301405,3841,14541,12346,30728
0301406,6020,22921,19509,48450
0301407,3578,13547,11502,28627
0301408,4818,18464,15722,39004
03015,2636,11383,6860,20879
03018,1436,8632,12919,22987
03019,3133,9375,8213,20721
03021,1663,4252,1609,7524
03024,494,2371,2704,5569
03026_AM,575,2882,2214,5671
03028_AM,1082,3175,1793,6050
0303101,2300,7618,6325,16243
0303102,2471,8187,6797,17455
0303103,2914,9916,8154,20984
0303104,1442,4789,3981,10212
03035_AM,647,2713,1891,5251
03041,1650,6179,4023,11852
03043_AM,1618,4357,1636,7611
03044_AM,874,4750,3149,8773
03046_AM,789,3064,2395,6248
03047,2454,10938,8104,21496
03048,134,3116,3415,6665
03049,2298,10933,5625,18856
03050,4903,15987,7407,28297
03053,1449,4733,4181,10363
03055,1843,5535,2195,9573
03056,1037,5433,5629,12099
03058_AM,1805,5831,4422,12058
03059,2092,13853,12439,28384
03063,5851,26047,11297,43195
03064,1160,3484,2807,7451
0306501,2959,11343,14055,28357
0306502,3356,12867,15944,32167
0306503,3447,13214,16374,33035
0306504,3023,11589,14360,28972
0306505,3278,12566,15571,31415
0306506,2937,11258,13951,28146
0306507,4583,17680,21004,43267
0306601,1510,3651,2077,7238
0306602_AD,1638,3948,2214,7800
0306604,5269,12734,7245,25248
0306605,2755,6658,3788,13201
03069,838,2920,2728,6486
03070_AM,835,5384,3789,10008
03071,663,2582,2698,5943
03076,2070,6896,6881,15847
03077_AM,1287,3735,2716,7738
03079,1423,11102,10876,23401
03081_AM,684,3116,1912,5712
03082,4034,14279,8384,26697
03083,626,2964,3596,7186
03088,1910,4434,1408,7752
03089,1511,7490,3459,12460
03090,7063,11582,6816,25461
03092_AM,2117,6006,3214,11337
03093,4863,14557,6393,25813
03094,1650,8968,8785,19403
03095,1220,3301,2675,7196
03096,668,4079,2951,7698
03097_AM,658,3374,1800,5832
0309901,588,3492,2705,6785
0309902,946,6344,3787,11077
0309903,418,2801,1672,4891
0309904,780,5227,3120,9127
0309905,2086,12608,7559,22253
0309906,1083,4709,2857,8649
0309907,1166,4763,2597,8526
0309908,790,3699,2092,6581
03101,525,4271,2789,7585
03102,2290,7138,1413,10841
03104,4862,17873,13003,35738
03105,577,4152,3175,7904
03107,362,2505,2413,5280
03109,737,2399,1218,4354
03111,450,4175,2740,7365
03113,1714,8604,6195,16513
03118,1239,3994,2574,7807
03119,2732,12064,8165,22961
03120,1313,2626,1970,5909
03121,2771,19381,10815,32967
0312201,2043,11237,10829,24109
0312202,1023,5628,5424,12075
0312203,1522,8319,8009,17850
03123_AM,2875,6218,2614,11707
03128_AM,1557,7325,6166,15048
0313301,3343,13000,7105,23448
0313302,3468,13444,7190,24102
0313303,5367,20839,11366,37572
03138_AM,1450,3377,3004,7831
03139,3110,17833,12593,33536
03140,7442,17632,10315,35389
03902,2211,8410,12770,23391
03903_AM,1284,5188,1702,8174
04003,4680,12044,8700,25424
04006,615,8096,2985,11696
04011_AM,863,3263,1355,5481
0401301_AD,769,4309,4232,9310
0401303,932,5213,4953,11098
0401304,539,3021,2967,6527
0401305,1061,6264,6091,13416
0401306,4873,28704,27919,61496
0401307,5672,31763,31196,68631
0401308,1368,7633,7483,16484
04016_AM,958,4868,3046,8872
04017_AM,1290,4903,2044,8237
04024_AM,1495,5147,2266,8908
04029,3760,8218,1735,13713
04031_AM,1916,3949,1713,7578
04032,361,3661,4558,8580
04035,1145,6967,5928,14040
04038_AM,1062,4553,1238,6853
04045_AM,908,3048,2421,6377
04047_AM,985,2844,1425,5254
04049,1596,4776,2218,8590
04050_AM,691,2697,1990,5378
04052,1131,8325,7771,17227
04053,1921,10439,6973,19333
04057_AM,901,3379,2235,6515
04062_AM,808,3592,2345,6745
04064,998,3137,2359,6494
04066,3069,15493,10765,29327
04069,818,4202,1765,6785
04070_AM,786,3199,2079,6064
04075,1387,5260,2558,9205
0407901,3933,19045,15079,38057
0407902,5829,28217,22203,56249
04088_AM,825,3313,2149,6287
04092_AM,758,3630,2912,7300
04093_AM,1112,3547,2734,7393
04098_AM,548,2639,1796,4983
04099,782,3427,2879,7088
04100,4221,7778,3738,15737
04101,595,2425,2830,5850
04102,3435,14465,7494,25394
0490201,19656,42689,24318,86663
04903,2685,4585,1290,8560
05002_AM,632,2554,1727,4913
05014_AM,1519,3874,1477,6870
05016,1578,4308,2479,8365
0501901_AD,2195,5006,1878,9079
0501904,4730,10854,4345,19929
0501905,2653,5788,2086,10527
0501906,4453,9902,3605,17960
05021_AM,862,3111,1629,5602
05047,826,2284,1129,4239
05054_AM,863,2879,1848,5590
05057_AM,1153,3878,2840,7871
05114_AM,753,2955,1901,5609
05132_AM,663,2805,1951,5419
05163_AM,778,3631,2720,7129
05168_AM,1120,3194,1266,5580
05186_AM,716,2695,1643,5054
05204_AM,934,3318,2006,6258
05220_AM,626,2436,1785,4847
05238_AM,639,2940,2253,5832
05240_AM,743,3282,2391,6416
05241_AM,662,2720,1371,4753
05242_AM,805,2710,1533,5048
06002,632,3158,1895,5685
06005_AM,1156,3552,2560,7268
06006,762,2279,2811,5852
06011,4655,17039,12098,33792
06012_AM,1463,3312,1983,6758
06014_AM,2190,6053,3298,11541
0601501,1781,4581,2927,9289
0601502,1632,4198,2682,8512
0601503,3359,8639,5519,17517
0601504,4189,10729,6880,21798
0601505,1800,4646,2956,9402
0601506,1314,3379,2159,6852
0601507,3902,10050,6492,20444
0601508,2757,7300,4443,14500
0601509,3767,9757,6216,19740
0601510,2860,7355,4699,14914
06016_AM,660,2740,2481,5881
06019_AM,1199,4027,3214,8440
06022_AM,976,4526,2749,8251
06023_AM,1277,4609,2778,8664
06025,1248,3389,1829,6466
06028_AM,1330,4826,3557,9713
06036_AM,794,4376,3595,8765
06044_AM,5486,20814,13177,39477
06050_AM,1486,4794,2346,8626
06052_AM,785,2841,2678,6304
06054,648,3457,2851,6956
06055_AM,1036,3347,2433,6816
06060_AM,1291,5663,3216,10170
06063_AM,1139,4120,2553,7812
06066_AM,888,3204,1843,5935
06069_AM,802,3356,1636,5794
06070_AM,1708,5908,3845,11461
06072_AM,957,2681,2037,5675
06074_AM,984,3339,2345,6668
0608301,534,3018,2292,5844
0608302_AD,495,2761,2389,5645
0608303,1665,7346,5288,14299
0608304,2146,10690,7754,20590
0608306,1614,6676,4570,12860
06085_AM,1211,3680,1833,6724
06088_AM,3500,12447,6135,22082
06091_AM,1807,4882,2251,8940
06093_AM,545,3767,1996,6308
06094_AM,699,3313,2020,6032
06095_AM,3243,8916,4603,16762
06103,1304,3038,2195,6537
06108_AM,923,3689,2459,7071
06109_AM,2219,6173,2949,11341
06113_AM,522,3031,2560,6113
06117_AM,508,2572,2211,5291
06120_AM,1276,4492,3053,8821
06121_AM,917,4799,3369,9085
06122,1530,4138,2662,8330
06123_AM,532,4286,3171,7989
06125_AM,699,2767,1873,5339
06127_AM,1363,4175,2443,7981
06128_AM,1831,6395,2410,10636
06149,2591,6671,4424,13686
06153,3604,14419,8186,26209
06154_AM,1006,3148,2158,6312
06155_AM,1132,4647,2619,8398
06158,1718,8117,6974,16809
06162_AM,1006,3915,2529,7450
07001,779,2882,2297,5958
07002,2768,5326,1240,9334
07003,2418,9327,8751,20496
07004,946,3578,1773,6297
07005,637,5836,4916,11389
07006,1952,4521,1496,7969
07008,644,3760,4013,8417
07010,617,3416,3441,7474
07011,7293,26203,15890,49386
07012_AM,526,2142,1206,3874
07013,991,4858,5512,11361
07014,1357,6288,4472,12117
07015,3661,11523,14270,29454
07016,280,2066,2104,4450
07020,544,2277,2100,4921
07022,1784,7572,8466,17822
07023_AM,1093,3332,1778,6203
07024,1369,7076,3956,12401
07026,5984,21261,21532,48777
07027,6096,19665,5283,31044
07029,1017,3053,1852,5922
07030_AM,420,2335,1780,4535
07031,9910,20846,6214,36970
07032,6632,16226,5394,28252
07033,4773,25603,10374,40750
07036,4461,17169,14909,36539
07037,776,2137,2127,5040
07038_AM,925,3020,1807,5752
07039,365,4399,2458,7222
0704001,1575,11291,8665,21531
0704002,8130,57573,44070,109773
0704003,6586,44551,34391,85528
0704004,10388,73414,55967,139769
0704005,2731,18507,13994,35232
07042,1127,10961,4535,16623
07043,765,2267,2426,5458
07044,2056,9301,2265,13622
07045_AM,719,3125,1819,5663
07046,2333,11038,12234,25605
07047_AM,636,3338,1732,5706
07048,1672,14198,11160,27030
07050,858,3125,2456,6439
07051,1397,4970,2837,9204
07052,953,3688,2537,7178
07054,4913,20911,11120,36944
07055,1065,5738,5735,12538
07056,1440,4396,2193,8029
07057,3393,6994,1498,11885
07058_AM,1045,3151,2250,6446
07059,606,2665,1993,5264
07060_AM,649,3199,3201,7049
07061,1578,7979,4962,14519
07062,2219,6812,3263,12294
07064,763,3312,3338,7413
07065_AM,1301,3517,2401,7219
08001,1379,6454,4170,12003
08003,1020,5800,3202,10022
08005,512,3864,4496,8872
08006,1901,7113,6520,15534
08007,1538,5245,2460,9243
08009,1006,8395,2983,12384
08010_AM,662,4888,2208,7758
08014_AM,822,2707,2087,5616
0801501,1811,4210,2105,8126
0801502,3971,9231,4615,17817
0801503,3809,8854,4427,17090
0801504,5951,13833,6916,26700
0801505,2510,5834,2917,11261
0801506,1717,4088,2042,7847
0801507,8691,20580,10366,39637
0801508,4251,10163,5138,19552
0801509,14026,35447,17766,67239
08016_AM,689,2614,1884,5187
08017_AM,981,3497,2168,6646
08018_AM,655,2328,1818,4801
0801901,7505,51385,38683,97573
0801902,19367,132595,99818,251780
0801903,13379,88726,72537,174642
0801904,6125,37918,32619,76662
0801905,12283,72723,55527,140533
0801906,8924,61097,45994,116015
0801907,12757,87338,65749,165844
0801908,13302,86601,63344,163247
0801909,16755,77906,50300,144961
0801910,24322,123617,79143,227082
08020,1334,4245,1592,7171
08022,1862,8734,5557,16153
08023,1113,6140,3399,10652
08029,671,2030,2063,4764
08030,975,5035,1873,7883
08031_AM,1005,3917,2902,7824
08033,3502,12616,2094,18212
08035,4661,8404,5531,18596
08037_AM,497,2556,1622,4675
08040,2374,8082,4131,14587
08041,1562,9766,4492,15820
08043_AM,1963,5396,1722,9081
08044_AM,977,3935,1927,6839
08046,3108,11108,3996,18212
08047_AM,686,3017,1738,5441
08051_AM,3512,14389,9836,27737
08053_AM,528,3848,2939,7315
08054,994,7881,4337,13212
0805601,3473,10292,3989,17754
0805602,2368,6966,2647,11981
0805603,1968,5868,2309,10145
0805604,2580,7589,2884,13053
0805605,2619,7705,2928,13252
08064_AM,874,3467,2340,6681
08067,632,3750,2868,7250
08068_AM,1938,6099,3970,12007
08069,800,2369,1494,4663
08072,1108,6030,8436,15574
0807301,2708,12676,5113,20497
0807302,774,3660,1512,5946
0807303,1800,8401,3353,13554
0807304,2803,13166,5242,21211
0807305,1305,6132,2441,9878
0807306,1883,8844,3521,14248
08074,3329,8811,2889,15029
08075,897,2933,1907,5737
08076,3613,12616,6186,22415
08077,9150,19830,16039,45019
08085_AM,991,2783,1529,5303
08086,3870,10698,4969,19537
08088,3499,9858,3095,16452
08089,8466,24638,13005,46109
08091_AM,970,4572,3619,9161
08092_AM,1172,4376,3337,8885
08094_AM,1093,3161,1097,5351
0809601,3377,7804,4201,15382
0809602,2471,5459,2969,10899
0809603,3531,7835,4239,15605
0809604,3916,8802,4855,17573
08098_AM,1150,2619,1840,5609
08100_AM,680,2739,1813,5232
0810101,4281,22912,22112,49305
0810102,3620,23112,22834,49566
0810103,3091,19735,19497,42323
0810104,3070,19601,19365,42036
0810105,2807,17440,17189,37436
0810106,2241,14082,13535,29858
08102,9772,24376,4444,38592
08105,1476,6557,4954,12987
08106,1375,5227,3641,10243
08107,2905,8456,3889,15250
08108,742,2888,2957,6587
08110,3799,10753,4349,18901
08112,3489,10883,6145,20517
0811301_AD,1696,4757,4355,10808
0811302,3346,9455,8714,21515
0811304,3225,9279,8240,20744
0811305,3283,9264,8417,20964
08114,3430,13054,10087,26571
08115_AM,932,3663,1167,5762
08118,5053,13057,5145,23255
08119,965,5027,3417,9409
08120,925,4338,4378,9641
0812101,2118,6697,3348,12163
0812102,3491,11030,5509,20030
0812103,4189,13333,6654,24176
0812104,2779,8877,4415,16071
0812105,5324,16831,8415,30570
0812106,3981,12576,6372,22929
08122_AM,1277,3508,1697,6482
08123,3550,16495,5285,25330
0812401,2260,6886,2558,11704
0812402,2859,8670,2889,14418
0812403,4839,14110,4889,23838
08125,5375,20831,9199,35405
08126,1546,5755,4192,11493
08135,1272,3765,2992,8029
08136,1218,8553,6570,16341
08138,1648,3465,1313,6426
08140,786,2587,2729,6102
08141,929,3517,1740,6186
08143_AM,920,3245,2598,6763
08145_AM,1595,3563,1189,6347
08147,3563,11658,9047,24268
08155_AM,1905,6805,5236,13946
08156,1092,6637,7110,14839
08157,1701,5846,4563,12110
08158,557,1979,1369,3905
08159,4318,9263,4711,18292
08161,2690,9794,4788,17272
08162_AM,1042,2985,1857,5884
08163,4809,11856,10770,27435
08167,1085,3968,3522,8575
0816901,764,3683,3978,8425
0816902,1095,5269,6159,12523
0816903,1779,8540,9972,20291
0816904,583,2796,3263,6642
0816905,1241,5975,6984,14200
08171_AM,859,2929,1825,5613
08172,3420,16848,7768,28036
08175_AM,1060,3440,1581,6081
08180,4975,23627,9289,37891
08181,2415,5998,2630,11043
08182,852,2149,849,3850
08183,1270,3901,1199,6370
0818401,1249,3125,2161,6535
0818402,1974,5043,3468,10485
0818403,2783,7166,5019,14968
0818404,7941,20541,14289,42771
0818701,9459,27232,16339,53030
0818702,4286,12438,7554,24278
0818703,6043,17593,10831,34467
0818704,6776,19621,11888,38285
0818705,3383,10200,6181,19764
0818706,3076,12942,13128,29146
0818707,1524,4582,2979,9085
08191,1494,4121,1007,6622
08192,579,3378,3556,7513
08194,5487,20704,10157,36348
08196,1862,12451,12180,26493
08197,2006,6234,2971,11211
08198,994,2833,2550,6377
0820001,1243,4186,4050,9479
0820002,3617,13682,14289,31588
0820003,1558,6233,6700,14491
0820004,1692,6883,7124,15699
0820005,529,2118,2277,4924
0820006,586,2345,2521,5452
08202,2652,9135,5485,17272
08203_AM,1425,5112,2916,9453
08204,721,2369,991,4081
0820501,4647,19343,15691,39681
0820502,2363,9774,7948,20085
0820503,923,3687,2922,7532
0820504_AD,684,2848,2313,5845
0820505,1739,7193,5849,14781
08208_AM,1864,5443,3590,10897
08209,1221,5135,2512,8868
08210,628,2940,2960,6528
08211,6111,18581,19285,43977
08213,1326,4409,2910,8645
08214,1291,4578,3079,8948
08215_AM,1037,3358,2194,6589
08217,6189,17947,9206,33342
08218_AM,2060,7499,5074,14633
08219,3729,12310,4532,20571
08220_AM,1101,2691,1744,5536
08221,1904,9355,5935,17194
08227_AM,617,2538,1812,4967
08230,2077,6405,2415,10897
08231,7581,17601,5175,30357
08232_AM,1195,2998,987,5180
08233_AM,983,3594,2140,6717
08234_AM,1592,5957,3187,10736
08235,734,2711,1915,5360
08237_AM,864,2843,1828,5535
08238,1784,10681,7160,19625
08240,1436,7226,4873,13535
08244,1275,3615,3140,8030
0824501,3250,11431,6500,21181
0824502,2287,8001,4543,14831
0824503,3013,10598,6020,19631
0824504,3243,11409,6487,21139
0824505,3601,12682,7194,23477
0824506,2475,8708,4951,16134
08248,474,3528,3801,7803
08250,1453,4821,3247,9521
08251,998,4031,2270,7299
08252,6213,16578,9962,32753
08259,1725,5900,1863,9488
08260,3260,14010,8192,25462
08262_AM,1496,5687,3199,10382
08263,5888,17300,5239,28427
08264_AM,2161,5624,2140,9925
08266,6487,27188,22363,56038
08267,988,4535,3775,9298
08268_AM,712,2443,1408,4563
08269_AM,1855,4158,1620,7633
08270,8368,17317,3524,29209
08273_AM,1043,3802,1313,6158
08274,637,2588,2550,5775
08278_AM,922,3598,1992,6512
0827901,1463,14452,19208,35123
0827902,1033,8878,11402,21313
0827903_AD,1744,14483,17020,33247
0827904,2086,17243,20161,39490
0827905,2074,18967,24672,45713
0827906,2093,17059,21761,40913
08281,1404,2866,2351,6621
08282,1054,4653,3149,8856
08283,1588,4210,2091,7889
08284_AM,4492,11332,3491,19315
08285,1346,7047,5998,14391
08286_AM,896,3164,2031,6091
08288_AM,793,2713,1547,5053
08289,1105,3498,1680,6283
08291,1460,4536,1949,7945
08295,2494,8058,4892,15444
08298,6195,22880,12847,41922
08300_AM,895,5153,3126,9174
0830101,2270,11427,10886,24583
0830102,3839,19181,18348,41368
08302,1305,5771,4976,12052
08305,4022,21189,13490,38701
0830701,2399,10919,4692,18010
0830702,1920,8704,3724,14348
0830703,1074,4885,2127,8086
0830704,3505,16019,6860,26384
08902_AM,1021,5669,3413,10103
08904,902,5350,6962,13214
09018,6908,16547,9006,32461
09048_AM,805,2655,1897,5357
09056,666,3475,1654,5795
0905901_AD,1162,4649,3174,8985
0905903,2073,8196,5581,15850
0905905,7602,30075,18980,56657
0905906,1539,6156,4202,11897
0905907,1528,6371,4122,12021
0905908,2266,8865,5927,17058
0905909,6507,25292,16088,47887
09073_AM,483,2172,1656,4311
09109_AM,402,1341,808,2551
09141_AM,932,3154,2013,6099
09174_AM,806,2631,1744,5181
09177_AM,559,2111,1249,3919
09194_AM,811,3149,1871,5831
09209_AM,1539,4554,1846,7939
09211_AM,950,3031,1634,5615
09219,6882,17436,11833,36151
09238_AM,963,3179,2190,6332
09289_AM,636,2313,1993,4942
09321_AM,808,2697,1547,5052
09330_AM,817,2620,1452,4889
09350_AM,689,2462,1492,4643
09363_AM,789,2547,1716,5052
09410,1193,2516,746,4455
09413_AM,865,3015,2063,5943
09434_AM,873,3086,1759,5718
09439_AM,841,2469,1591,4901
09903_AM,1141,3585,2878,7604
09907_AM,1150,3665,1801,6616
10006_AM,782,2835,1859,5476
10010_AM,928,3420,2273,6621
10018_AM,1141,3178,1563,5882
10019_AM,837,2970,1661,5468
10020_AM,713,2688,1579,4980
10021,1062,3614,1580,6256
10035_AM,1004,3094,1396,5494
1003701,6042,13750,5071,24863
1003702,3616,7943,2900,14459
1003703,1537,3503,1361,6401
1003704,6790,16050,7005,29845
1003705,1757,4004,1556,7317
1003706_AD,2132,4871,1875,8878
10049_AM,1219,4117,1991,7327
10050_AM,696,2830,1869,5395
10061_AM,1129,3517,2237,6883
10064_AM,1169,3552,1860,6581
10067,1956,7913,2975,12844
10087_AM,974,2775,1741,5490
10089_AM,850,2752,2036,5638
10096_AM,911,2843,1627,5381
10104,454,3569,2573,6596
10105_AM,978,2819,1722,5519
10109_AM,1163,3635,1887,6685
10110_AM,1251,4068,2567,7886
10113_AM,778,2819,1909,5506
10115,491,2134,1962,4587
10116_AM,885,2654,1965,5504
10121,1942,5239,3217,10398
10127,813,2988,2200,6001
10128,806,3562,2788,7156
10131,1669,8184,7438,17291
10140_AM,1271,3893,1833,6997
10146_AM,825,2686,1522,5033
10147_AM,970,3095,1773,5838
10148,7503,16112,15379,38994
10175_AM,1321,4272,2492,8085
10177_AM,1547,4550,2194,8291
10180_AM,1509,5025,3158,9692
10184_AM,955,3024,1463,5442
10186_AM,919,3018,1729,5666
10189_AM,1037,3133,2018,6188
10195_AM,1599,5503,2945,10047
10203,1256,3557,861,5674
10205_AM,919,2947,1606,5472
10212_AM,1018,2950,2022,5990
10216_AM,849,2835,1638,5322
11001,837,2847,1733,5417
11002_AM,755,4378,3450,8583
1100401,3734,16355,13264,33353
1100402,3338,14620,11857,29815
1100403,2408,10530,8533,21471
1100404,3933,17226,13971,35130
11005_AM,1989,4298,1443,7730
11006,682,15972,15684,32338
11007,4345,12933,6637,23915
11008,5813,13097,4467,23377
11010_AM,2178,6405,3739,12322
11011_AM,1031,2831,1797,5659
1101201,1226,2965,1605,5796
1101202,1156,2797,1514,5467
1101203,1162,2810,1521,5493
1101204,896,2168,1173,4237
1101205,903,2185,1183,4271
1101206_AD,1700,4112,2226,8038
1101208,5486,13266,7181,25933
1101209,5034,12173,6590,23797
1101210,5748,13918,7561,27227
11014,4162,12121,7317,23600
1101501,1901,6746,6780,15427
1101502,1104,4027,4134,9265
1101503,1153,4204,4316,9673
1101504,3027,11035,11328,25390
1101505,3421,12450,12712,28583
11016,3211,9477,8347,21035
1102001,1025,2870,987,4882
1102002,5940,16632,5724,28296
1102003,4397,12313,4237,20947
1102004,4950,13860,4770,23580
1102005,2643,7402,2547,12592
1102006,14302,40046,13782,68130
1102007,5953,16668,5736,28357
1102008_AD,1374,4025,1650,7049
1102009,3930,11066,3662,18658
11021_AM,1704,6368,5109,13181
1102201,1365,4189,2575,8129
1102202,1630,5001,3075,9706
1102203,2838,8710,5355,16903
1102204,1171,3594,2209,6974
1102205,1275,3913,2406,7594
1102206,1203,3692,2270,7165
1102207,1027,3153,1938,6118
11023,2023,7686,2565,12274
11024_AM,1448,5175,2706,9329
11025,866,2817,1992,5675
11026_AM,1345,4403,1815,7563
1102701,8258,22669,12306,43233
1102702,3282,9011,4891,17184
1102703,4590,12618,6842,24050
1102704,945,2610,1446,5001
11028,4938,17712,17910,40560
11029,808,4485,1832,7125
11030,4415,17158,8295,29868
1103101,3075,9635,8667,21377
1103102_AD,1349,4226,3800,9375
1103104,1120,3508,3154,7782
1103105,1470,4606,4141,10217
1103106,6363,19838,17727,43928
1103201,4110,16330,7485,27925
1103202,1236,4713,2401,8350
1103203_AD,1522,6050,2771,10343
1103205,3075,12236,5649,20960
11033,3232,15999,11297,30528
11035,4464,10018,4092,18574
11037,508,2857,3727,7092
11038,3219,8881,4642,16742
11039,3285,8390,2413,14088
11041,2838,7373,2912,13123
11901,1507,4387,1399,7293
11902_AM,734,3354,2121,6209
12004,1056,4210,1624,6890
12005,1991,4555,4260,10806
12009,5692,13765,6522,25979
12011_AM,1889,4282,1201,7372
12012_AM,920,3176,2442,6538
12016_AM,831,2880,1784,5495
12021,1079,3566,1469,6114
12027,5400,14648,7282,27330
12028,2137,8275,8822,19234
12031_AM,1601,4892,2716,9209
12032,3959,19497,10918,34374
12033_AM,864,2923,1795,5582
1204001_AD,1660,6593,4743,12996
1204003,2109,8377,6027,16513
1204004,3887,15438,11106,30431
1204005,2280,8951,6379,17610
1204006,3749,14401,10174,28324
1204007,3057,11988,8685,23730
1204008,2074,8225,5909,16208
1204009,2444,9530,6802,18776
12050_AM,832,2806,1529,5167
12072_AM,936,3114,1986,6036
12077_AM,1404,5736,2449,9589
12080_AM,820,2844,1791,5455
12082_AM,2801,9105,4997,16903
12084,2054,10661,12105,24820
12085,2368,6604,3970,12942
12089,1373,4147,2247,7767
12100_AM,1317,3561,1411,6289
12104,2152,5468,1988,9608
12106_AM,937,3038,1745,5720
12117,768,2761,2044,5573
12121_AM,1041,2876,1627,5544
12124_AM,938,3395,1939,6272
12126,4610,17137,10717,32464
12129_AM,1074,3174,1988,6236
1213501,626,2938,1698,5262
1213502,3102,13840,7925,24867
1213503,1134,5195,3003,9332
1213504,1197,5574,3206,9977
12138,6346,17525,4450,28321
12140_AM,876,2852,1698,5426
12901,539,2610,1409,4558
13005,5703,19405,7404,32512
13011,849,3022,1682,5553
13013_AM,1587,5255,5917,12759
13015,523,2786,3385,6694
13019,652,3754,2970,7376
13020_AM,1248,3987,1436,6671
13023,1539,7521,3539,12599
13027_AM,1669,4390,2030,8089
13028_AM,1251,7239,6653,15143
13031_AM,1521,4581,1914,8016
1303401_AD,2318,8625,5672,16615
1303402,3913,14414,9450,27777
1303403,1091,4021,2636,7748
1303404,2466,9085,5956,17507
13038_AM,835,2769,1600,5204
13039,2115,11576,4747,18438
13042_AM,972,2682,1054,4708
13044_AM,633,2557,1301,4491
13047,1449,5083,2972,9504
13052,1127,4564,3231,8922
13053_AM,2200,9664,7103,18967
13054,1078,3405,1833,6316
13056,1812,8757,5033,15602
13058,473,2631,2375,5479
13061,1585,4218,2230,8033
13063_AM,1978,4583,805,7366
13064_AM,1393,4543,2381,8317
13065_AM,952,2867,1315,5134
13068_AM,857,3021,1692,5570
13071,12144,27184,8869,48197
13077_AM,1201,4291,2374,7866
13078,2690,7342,3627,13659
13079,3421,9797,2755,15973
13082,2997,18525,17072,38594
13085_AM,1515,4789,2262,8566
13087,5193,14987,10805,30985
13089_AM,1096,3503,2270,6869
13092_AM,1184,3937,2592,7713
13093_AM,969,3213,1631,5813
13096,2394,5373,2213,9980
13097_AM,1026,2926,1873,5825
14001_AM,949,3722,2780,7451
14002,2713,7478,3942,14133
14005_AM,1433,5368,3339,10140
14007_AM,3894,10947,6891,21732
14008_AM,1002,3621,2565,7188
14009_AM,1063,3318,2175,6556
14010_AM,1824,4991,2348,9163
14012_AM,1490,6277,3490,11257
14013,3090,9974,8009,21073
14017,2130,8105,5181,15416
14019,1545,4388,2750,8683
1402101,5659,20890,17059,43608
1402102,7479,27830,22327,57636
1402103,393,1461,1181,3035
1402104,767,2849,2302,5918
1402105,4655,17550,13745,35950
1402106,8735,32248,26428,67411
1402107,679,2521,2038,5238
1402108,489,1817,1468,3774
1402109,5311,19864,16109,41284
1402110,7185,26343,21520,55048
14022_AM,668,2467,2510,5645
14023_AM,1048,3464,1940,6452
14027,1600,6111,2148,9859
14029_AM,993,3396,2084,6473
14030_AM,1969,8141,1164,11274
14035,1335,3140,2752,7227
14038,6892,24285,12485,43662
14039_AM,941,3015,1848,5804
14041_AM,615,3480,3605,7700
14042,4478,11734,7510,23722
14043_AM,1823,6712,3460,11995
14045_AM,875,3117,2143,6135
14046,1383,2949,1179,5511
14049,4362,14031,3050,21443
14052,2952,7126,1762,11840
14053_AM,2055,6187,3929,12171
14054,1820,7733,7864,17417
14055_AM,5111,14039,7656,26806
14056,5793,16911,8411,31115
14057_AM,2768,8671,4631,16070
14058_AM,2572,7322,4968,14862
14060_AM,1247,3586,1230,6063
14066,1381,4750,1626,7757
14067_AM,1141,5389,2951,9481
14069_AM,2207,6878,3237,12322
14073_AM,1545,5578,3313,10436
15001,893,3348,1631,5872
15002,3601,14805,11965,30371
15004,662,2581,2760,6003
15005,3997,14552,12867,31416
15006_AM,1911,4568,1628,8107
15008,1363,3660,2153,7176
15009,1790,5968,5132,12890
15010_AM,989,3155,2409,6553
15011,2061,11354,5654,19069
15012_AM,1410,4203,2441,8054
15013,1471,4422,2546,8439
15014_AM,1472,3788,2313,7573
15016,589,2839,2266,5694
15017,3484,12299,8888,24671
15019,6575,19328,5858,31761
15020_AM,1209,3501,3744,8454
15021,1190,3355,2003,6548
15022_AM,1201,4647,3888,9736
15023_AM,1916,5070,2248,9234
15024_AM,1523,4017,3118,8658
15029,922,3604,1958,6484
1503001,1845,6921,3537,12303
1503002,4491,16841,8608,29940
1503003,3607,13526,6913,24046
1503004,4379,16423,8394,29196
1503005,4962,18608,9510,33080
1503006,3689,13836,7071,24596
1503007,7725,28972,14808,51505
1503008,1628,6099,3136,10863
1503009,1721,6448,3348,11517
1503010,1324,4966,2553,8843
15031,4155,13629,12436,30220
15032_AM,937,3363,1831,6131
15035_AM,2074,8840,5635,16549
1503601,934,4136,2430,7500
1503602,1951,8634,5073,15658
1503603_AD,1270,5623,3304,10197
1503606,1800,7913,4683,14396
1503607,1336,5889,3476,10701
1503608,1150,5085,2990,9225
15037,837,3014,1215,5066
15041,2215,7108,2225,11548
15043,1288,3418,1231,5937
15046,1389,3671,2657,7717
15047_AM,588,2538,2140,5266
15048,1264,3704,1473,6441
15050_AM,833,2627,1450,4910
15051,498,2941,1946,5385
15052_AM,1166,4232,2788,8186
15053,1158,4505,3730,9393
15054,5362,19792,14043,39197
15055_AM,1269,4255,3014,8538
15056,1223,3967,1934,7124
15057,2939,7410,4555,14904
15058,5032,20551,10109,35692
15059,1421,6658,4664,12743
15060,1187,4121,2001,7309
15061_AM,2576,6682,2420,11678
15062,1091,3416,2113,6620
15064_AM,757,3507,1796,6060
15065,1461,4965,2593,9019
15066,834,2217,1886,4937
15067,1503,5617,2737,9857
15068,1530,3144,1165,5839
15069,1309,3858,3052,8219
15070_AM,1921,7098,2383,11402
15071,1482,5549,2839,9870
15072,1985,7201,2757,11943
15073,4682,14998,8261,27941
15074_AM,2174,6427,2811,11412
15075,1631,8710,5935,16276
15077,2286,5666,1665,9617
1507801,1449,3416,2594,7459
1507802,2837,6533,4943,14313
1507803,2084,4801,3632,10517
1507804,4935,11514,8527,24976
1507805,5099,11743,8884,25726
1507806,935,2187,1631,4753
15082,3997,9624,5419,19040
15087,1719,3869,1737,7325
15088_AM,1815,5462,3790,11067
15089,907,2827,1384,5118
15092,1538,4426,1712,7676
15093,894,2434,1595,4923
15902,728,2755,1865,5348
16023_AM,933,2960,1592,5485
16027_AM,854,2754,1453,5061
16042_AM,911,2681,1387,4979
16066_AM,1197,3400,2135,6732
1607801_AD,2298,7352,3169,12819
1607804,6588,21359,10232,38179
16102_AM,992,3385,1815,6192
16106_AM,975,2601,1766,5342
16112_AM,906,2784,1710,5400
16113_AM,1008,3110,1456,5574
16117_AM,963,2853,1569,5385
16124_AM,810,3037,1816,5663
16125_AM,783,2551,1838,5172
16133,1458,3390,1598,6446
16134,1820,3506,896,6222
16154,815,4025,2086,6926
16170_AM,816,2553,1268,4637
16171_AM,900,2910,1706,5516
16175,1794,4148,2068,8010
16190,1414,3808,2734,7956
16191_AM,1078,3157,1656,5891
16203,2699,7671,4820,15190
16249_AM,1203,3687,1497,6387
16251_AM,824,2966,2223,6013
16903_AM,927,2998,1808,5733
16905_AM,1007,2850,1499,5356
17006_AM,897,2671,1653,5221
17007_AM,1562,5308,3010,9880
17008,1028,2352,2056,5436
17009,997,3063,2021,6081
17012_AM,1156,3268,1716,6140
17013_AM,964,4008,2533,7505
17015,2264,9928,6589,18781
17016_AM,937,2957,1374,5268
17019_AM,952,2558,1402,4912
17020_AM,1593,4474,2094,8161
17022,1311,5932,3147,10390
17023,5591,21475,12926,39992
17032_AM,970,3010,1679,5659
17033,1621,4363,1695,7679
17034,2191,5477,3981,11649
17036_AM,977,2860,1905,5742
17039_AM,808,2870,1956,5634
17044,889,3965,4894,9748
17047,1942,5876,3486,11304
17048,2097,6835,2613,11545
17049_AM,2028,3848,677,6553
17056_AM,1047,3012,1477,5536
17062,665,4247,5887,10799
17066,6320,26378,12970,45668
17067_AM,910,2805,1796,5511
1707901,1552,4442,1571,7565
1707902,6592,18948,6934,32474
1707903,7560,21641,7654,36855
1707904_AD,1892,5374,1975,9241
1707906,1663,4858,2565,9086
17083_AM,1422,4355,2539,8316
17086_AM,577,1936,977,3490
17089,1178,3949,3181,8308
17092_AM,1095,3234,1943,6272
17094,219,688,445,1352
17095,5335,16774,15407,37516
17103,1674,3701,1813,7188
17111_AM,905,3059,1744,5708
17114,6127,18641,10002,34770
17117,5735,11820,5860,23415
17118,3006,9411,6111,18528
17132_AM,1010,3059,1719,5788
17137_AM,1035,3121,1503,5659
17141,1407,3945,3198,8550
17142_AM,910,3039,2043,5992
17146_AM,1409,3588,2746,7743
17147,1654,5554,2543,9751
17152,3821,11073,5187,20081
17155,7069,18317,4144,29530
17160,4069,11990,6355,22414
17163_AM,1455,4338,1784,7577
17164_AM,1151,3537,1902,6590
17167_AM,789,2633,1420,4842
17178_AM,1151,3013,1746,5910
17180_AM,2272,7247,3481,13000
17181,1314,3327,821,5462
17185_AM,1060,2715,1550,5325
17186,707,2167,2070,4944
17193,950,3188,2100,6238
17199,1521,6203,4075,11799
17202,1315,2998,1477,5790
17207_AM,984,3203,1607,5794
17211_AM,868,2801,2181,5850
17213,828,3781,3299,7908
17221,672,2501,2226,5399
17223_AM,731,2393,1613,4737
17233_AM,766,2564,1766,5096
17901_AM,1101,2885,1441,5427
17902_AM,1058,3159,1721,5938
18003,4009,10401,4887,19297
18006,1507,3894,1612,7013
18011_AM,1426,4635,3045,9106
18013_AM,1624,5172,2247,9043
18014_AM,1360,5964,3830,11154
18017,3715,14863,9262,27840
18021,4783,12759,6129,23671
18022,4221,10186,4123,18530
18023,2331,12076,7278,21685
18027_AM,1418,3013,1453,5884
18029_AM,1228,3510,1910,6648
18036,1532,2879,770,5181
18047,1801,4399,1644,7844
18056_AM,1946,5175,1628,8749
18057,1433,3683,2344,7460
18059,735,2939,1821,5495
18061_AM,1100,3776,1893,6769
18062,3203,8474,3021,14698
18063_AM,856,2601,1659,5116
18066_AM,1284,4449,2609,8342
18071_AM,1742,4547,2416,8705
18079_AM,2217,6402,3140,11759
18084,574,2795,2343,5712
1808701,4449,10766,3571,18786
1808702,11250,29423,11376,52049
1808703,14476,33459,9246,57181
1808704_AD,2408,5828,1882,10118
1808706,6511,15639,5320,27470
1808707,7212,16755,4659,28626
1808709,3723,8603,2348,14674
18088_AM,944,2739,1533,5216
18089,3273,10685,5930,19888
18093,683,2571,1889,5143
18094_AM,944,2945,1934,5823
18098,1286,3969,2527,7782
18099_AM,886,2800,1429,5115
18100,1706,5994,3226,10926
18101,1870,5234,4621,11725
18102_AM,2339,7278,3767,13384
18105,768,2599,1774,5141
18108_AM,924,2927,1588,5439
18116_AM,1090,3172,1556,5818
18119_AM,1077,2654,1470,5201
18122_AM,4700,12057,5285,22042
18127,3578,9574,8275,21427
18132_AM,1161,4138,2774,8073
18133_AM,1153,3469,1781,6403
18134,1266,3866,2080,7212
18135_AM,1759,4589,2026,8374
18136_AM,865,2909,1686,5460
18138_AM,1658,4361,2424,8443
1814001,1391,3401,2226,7018
1814002,2428,6134,4050,12612
1814003,1100,2690,1760,5550
1814004,4877,11922,7803,24602
1814005_AD,2318,5740,3777,11835
18145,2320,8173,3472,13965
18147,681,2345,2625,5651
18149_AM,1680,4796,2895,9371
18150,1232,5025,2463,8720
18152_AM,753,2319,1338,4410
18153,2124,6100,3037,11261
18158,1423,5012,3876,10311
18162_AM,931,2750,1479,5160
18164_AM,1044,3002,1951,5997
18165,1335,3114,1103,5552
18173,1601,6648,4706,12955
18175,3013,8423,3576,15012
18182_AM,883,2868,1411,5162
18184_AM,801,2646,1880,5327
18193,2387,10462,6578,19427
18194_AM,1246,3254,1187,5687
18903_AM,816,2348,1198,4362
18905,4243,10833,5720,20796
18907_AM,944,2645,1626,5215
18911,2522,6236,2149,10907
19024,2990,6895,2557,12442
19046_AM,5703,18796,13286,37785
19053_AM,1005,2863,1493,5361
19058_AM,2752,6929,3263,12944
19071_AM,2413,8014,5822,16249
19086_AM,847,2643,1459,4949
1913001,3165,12272,4756,20193
1913002,3814,15462,5669,24945
1913003,2409,9766,3581,15756
1913004,2013,7708,3108,12829
1913005,1167,4396,1823,7386
19151_AM,1009,3001,1552,5562
19156_AM,916,2556,1134,4606
19160_AM,1295,4010,2233,7538
19171,1661,3748,2140,7549
19190_AM,942,2897,1688,5527
19192_AM,1132,3371,2032,6535
19220_AM,1239,2951,1300,5490
19245_AM,1092,3258,1818,6168
19257_AM,1003,2886,1502,5391
19274_AM,860,2670,1540,5070
19280_AM,1886,5069,1682,8637
19319,1252,3830,1883,6965
19326_AM,941,2950,2053,5944
19331_AM,1041,3481,2321,6843
20005_AM,818,2437,1270,4525
20009,1932,8293,4567,14792
20010_AM,1008,2380,867,4255
20013,1040,4219,1661,6920
20017,1593,7427,2639,11659
20018,2288,7137,5003,14428
20019,1710,7865,4668,14243
20022_AM,623,1742,964,3329
20025_AM,1169,2904,1745,5818
20027_AM,780,2255,1591,4626
20028_AM,745,2038,841,3624
20029,1056,4094,482,5632
20030,5708,16313,4944,26965
20032,1855,5809,4221,11885
20034_AM,668,2167,1353,4188
20036,3119,9391,4393,16903
20039_AM,1166,3676,2117,6959
20040,2955,10707,5908,19570
20042,823,2243,959,4025
20043_AM,1005,2637,1392,5034
2004501,1294,4474,1812,7580
2004502,2807,9704,3938,16449
2004503,4578,15673,6412,26663
2004504,1848,6343,2569,10760
20049,829,3374,1254,5457
20051,1495,5061,1853,8409
20052_AM,626,1997,1077,3700
20053,1431,3730,993,6154
20055,3824,11814,5562,21200
20056_AM,1645,4469,1607,7721
20059,2244,6041,3091,11376
20061,1100,3131,1597,5828
20063,2630,5709,1991,10330
20064,2280,7216,6393,15889
20067,7531,23478,7916,38925
2006901,1303,3491,872,5666
2006902,1911,5119,1279,8309
2006903,8814,23978,6488,39280
2006904,5550,14860,3715,24125
2006905,3829,10252,2563,16644
2006906,10231,27498,7699,45428
2006907,9273,25516,8842,43631
20071,4012,10972,3676,18660
20072,1134,3454,1753,6341
20073,1620,3208,1482,6310
20074_AM,3423,10190,4808,18421
20075,1385,3219,1272,5876
20076,1869,4443,3597,9909
20077_AM,1669,4686,2436,8791
20079,4673,13910,4091,22674
20080,1658,4991,3037,9686
20081,1529,6055,2300,9884
20902,3304,9825,4481,17610
20903,943,2875,2045,5863
21002,2103,10836,8264,21203
21005,2665,11300,10413,24378
21006_AM,1635,4917,2070,8622
21007_AM,1348,4696,3328,9372
21008_AM,852,2773,1411,5036
21010_AM,3722,12226,8592,24540
21011,1097,2439,1354,4890
21013,2336,6730,5487,14553
21014_AM,1744,5129,2226,9099
21021,2592,6893,10301,19786
21023_AM,1262,3245,1364,5871
21025,581,2542,1571,4694
21029_AM,1329,3371,1404,6104
21035_AM,2850,8213,6441,17504
21040_AM,1555,3810,1672,7037
2104101,3172,9743,4984,17899
2104102,2792,8577,4388,15757
2104103,2330,6961,3692,12983
2104104,2815,8647,4424,15886
2104105,3075,9176,4588,16839
2104106,1817,5492,2802,10111
2104107,5343,15507,7808,28658
2104108,3409,10404,5362,19175
21042,5911,12030,3744,21685
21043_AM,842,2777,1478,5097
21044,4513,17045,6280,27838
21049_AM,2183,5386,2767,10336
21050,4390,10721,6672,21783
21052_AM,886,3073,1874,5833
21053_AM,1127,3717,1817,6661
21054,1820,7130,2369,11319
21055,3380,6446,1754,11580
21056_AM,1460,3477,1507,6444
21058_AM,1431,3115,1262,5808
21060,3069,7577,5166,15812
21061,922,3530,3585,8037
21064,2338,4762,2104,9204
21069_AM,1332,3837,1591,6760
21070,1047,4810,2566,8423
21072,2104,6675,4707,13486
21074_AM,1218,3443,1104,5765
21076_AM,897,2654,1677,5228
22017_AM,800,2404,1185,4389
22021_AM,1013,2962,1380,5355
22039_AM,1205,3370,1944,6519
22048,4076,10299,3910,18285
22053_AM,1032,2906,1387,5325
22054_AM,1605,3247,990,5842
22060_AM,1081,2829,1400,5310
22061,1811,4926,3255,9992
22084_AM,968,2505,1052,4525
22112_AM,3072,9221,5290,17583
22116_AM,931,2600,1264,4795
22117_AM,1060,2925,1587,5572
2212501,592,2042,1110,3744
2212502,1360,4689,2550,8599
2212503,2042,6629,3627,12298
2212504,997,3436,1839,6272
2212505,638,2074,1117,3829
2212506,676,2331,1268,4275
2212507,1064,3608,1974,6646
2212508,671,2314,1258,4243
22130,1943,6895,4796,13634
22137_AM,938,2631,1292,4861
22158,3174,8056,6033,17263
22199,1453,5727,2387,9567
22204_AM,842,2598,1501,4941
22213_AM,832,2491,1651,4974
22225_AM,1487,4166,1630,7283
22228_AM,864,2586,1272,4722
22254_AM,806,2208,1250,4264
22901_AM,785,2281,1119,4185
22907_AM,1044,2809,1288,5141
23002,2467,12797,6688,21952
23003,1713,6913,2722,11348
23005,8039,18703,11054,37796
23006_AM,2358,6319,3137,11814
23009,2109,7332,5971,15412
23010,4040,10444,4072,18556
23012_AM,1310,3688,2261,7259
23014_AM,1526,4144,1490,7160
23018_AM,1495,3447,1380,6322
23024,2877,9371,3322,15570
23025_AM,1266,3577,1630,6473
23026_AM,1659,4066,1760,7485
23028,2115,4686,1093,7894
23038,945,2859,1439,5243
23039_AM,1537,3576,1685,6798
23044_AM,1441,4161,2568,8170
2305001,1328,4400,3350,9078
2305002,1228,4095,3096,8419
2305003,2456,8047,5985,16488
2305004,3338,11191,8639,23168
2305005,3880,12835,9735,26450
2305006,1020,3437,2685,7142
2305007_AD,1268,4274,3339,8881
2305009,1064,3565,2769,7398
23053,1887,6433,2859,11179
2305501_AD,3073,8732,3770,15575
2305502_AD,2374,6775,2940,12089
2305504,2559,7304,3169,13032
2305505,1185,3383,1468,6036
2305506,1194,3408,1478,6080
2305507,1121,3200,1388,5709
23058,2728,6260,2478,11466
23059_AM,1678,5947,3803,11428
23060_AM,6053,16065,4904,27022
23061_AM,2719,7317,2991,13027
23063_AM,1157,3294,2157,6608
23066,841,3115,1501,5457
23067_AM,1418,3208,1261,5887
23069_AM,1880,4441,1843,8164
23070_AM,1495,4493,1675,7663
23073_AM,1419,3672,1268,6359
23074_AM,962,2981,2011,5954
23079_AM,1068,2629,1668,5365
23082_AM,1185,3528,1829,6542
23086_AM,4413,10351,2470,17234
23087,3014,6725,4945,14684
23088_AM,2806,6410,2424,11640
23092,4946,16666,13621,35233
23093_AM,1719,3914,2003,7636
23094_AM,953,3172,1934,6059
23095,2622,6005,2514,11141
23096_AM,1588,3741,1518,6847
23097_AM,2327,6343,1911,10581
23099,1228,3224,1774,6226
23902_AM,1082,3473,1184,5739
23903_AM,1486,4079,1656,7221
23904_AM,1560,4881,2829,9270
23905_AM,1405,3626,2245,7276
24008,2218,5890,3020,11128
24010,2309,5832,2705,10846
24014,717,3907,4729,9353
24015_AM,1134,3074,1629,5837
24021_AM,1335,3740,1775,6850
24030,525,2399,2535,5459
24034_AM,1130,4188,2367,7685
24038_AM,1330,3129,1436,5895
24039_AM,1560,3926,1651,7137
24056_AM,1090,3400,1167,5657
24065_AM,1590,3666,1788,7044
24070_AM,1462,3708,1088,6258
24083_AM,1242,3081,1320,5643
24088_AM,1301,3521,1588,6410
2408901,653,3101,1712,5466
2408902,1067,5069,2798,8934
2408903,2994,14160,7827,24981
2408904,2019,9589,5293,16901
2408905,1446,6865,3790,12101
2408906,2015,9568,5282,16865
2408907,2163,9717,5465,17345
2408908_AD,788,3668,2021,6477
2408910,1036,4817,2659,8512
24092_AM,1165,3270,1745,6180
24094_AM,1390,3575,1532,6497
2411501,4341,9992,2720,17053
2411502,5712,13087,3506,22305
2411503_AD,3699,8517,2350,14566
2411505,2579,6595,2051,11225
24122_AM,1295,3363,1470,6128
24134_AM,1702,4198,1858,7758
24139_AM,1013,2757,1225,4995
24142,5437,14519,9962,29918
24148_AM,1169,3497,1794,6460
24154_AM,979,2889,1418,5286
24157_AM,1229,3291,1262,5782
24160_AM,1233,3235,1419,5887
24163_AM,1757,5416,2213,9386
24169_AM,934,3072,2036,6042
24170_AM,1452,3771,1722,6945
24175_AM,1565,3991,1779,7335
24181_AM,1329,3173,1237,5739
24183_AM,830,2308,1100,4238
24188,1385,2905,895,5185
24189,1613,3673,1775,7061
24196_AM,902,2882,1201,4985
24202,2472,5347,1604,9423
24209_AM,1268,3202,1410,5880
24212_AM,1225,3172,1497,5894
24222,4065,8993,4914,17972
24223_AM,1369,3735,1367,6471
25003,1050,2548,1678,5276
25007_AM,1403,4051,1980,7434
25008_AM,844,2614,1207,4665
25011_AM,2671,6536,3489,12696
25012_AM,1281,3289,1677,6247
25019,935,3335,2288,6558
25021_AM,1178,2892,1999,6069
25023,1003,3423,1850,6276
25025_AM,1039,2647,1244,4930
25029_AM,1078,2932,1473,5483
25033_AM,790,2070,1092,3952
25034_AM,1590,4428,1993,8011
25038_AM,925,2593,1107,4625
25040,3591,9505,3206,16302
25048_AM,1317,3387,1732,6436
25050,797,2580,1245,4622
25051_AM,1099,2635,1217,4951
25058,1294,3089,1521,5904
25062_AM,842,2241,1159,4242
25072,1385,4335,2720,8440
25099_AM,1076,2877,980,4933
25110,1589,3849,1505,6943
25113_AM,1371,3308,1274,5953
25119_AM,1263,3269,1396,5928
2512001,4957,12392,8736,26085
2512002,3038,7524,5063,15625
2512003,1550,3876,2733,8159
2512004,3976,9940,7007,20923
2512005,2362,5905,4163,12430
2512006,5057,12643,8913,26613
2512007,3165,7907,5130,16202
2512008_AD,1824,4770,3168,9762
25122_AM,979,2848,1167,4994
25137,1916,7222,4577,13715
25158_AM,1082,2895,1307,5284
25171_AM,977,2592,1192,4761
25172_AM,972,2619,1456,5047
25173_AM,848,2559,1300,4707
25189_AM,1472,4081,1598,7151
25192_AM,1034,2919,1453,5406
25193_AM,929,2501,1112,4542
25203,2213,5437,4171,11821
25204_AM,1383,3669,1562,6614
25207,1421,4273,3136,8830
25209_AM,1289,3149,1037,5475
25217,1686,8020,6983,16689
25223_AM,1068,2776,1321,5165
25228,880,2835,763,4478
25234,1407,3197,875,5479
25240_AM,1040,2855,1413,5308
25243_AM,1704,4332,2135,8171
26002_AM,1556,4209,1697,7462
26005_AM,2108,5324,2364,9796
26011,2130,5846,2135,10111
26018,2412,8561,3993,14966
26021_AM,1412,3688,1719,6819
26026_AM,1009,2851,1333,5193
26036,6058,15282,3425,24765
26042_AM,1484,3202,809,5495
26047_AM,1000,2638,1170,4808
26059_AM,1182,3211,1505,5898
26061_AM,977,2795,1352,5124
26064_AM,1911,4606,2352,8869
26071_AM,2558,6667,2890,12115
26084,2067,5303,2648,10018
2608901_AD,1609,4504,1822,7935
2608902,8568,23535,8818,40921
2608903,5260,14718,5951,25929
2608904,10657,29773,12088,52518
2608905,3438,9617,3897,16952
26102,1324,3923,2884,8131
26117_AM,1028,2991,1215,5234
26125_AM,1368,3774,1447,6589
26129_AM,1223,2969,1318,5510
26138,1529,3345,1380,6254
26168,1990,4897,925,7812
27005_AM,1358,3733,1629,6720
27006_AM,1416,4182,2073,7671
27010,1142,2928,1524,5594
27011_AM,1332,3168,1255,5755
27013_AM,1671,4412,2010,8093
27014_AM,977,3416,2006,6399
27015,1108,2939,939,4986
27016,1733,4677,2025,8435
27018_AM,1186,3403,1087,5676
27019,2339,5499,2258,10096
27020_AM,1056,3702,1876,6634
27021_AM,1039,2797,1249,5085
27022,1425,3703,365,5493
27026_AM,1431,3582,1494,6507
2702801_AD,3719,8061,3856,15636
2702802,6389,13848,6624,26861
2702804_AD,5249,11409,5443,22101
2702805,5667,12283,5875,23825
2702806_AD,1518,3317,1585,6420
27030_AM,1507,4746,1543,7796
27031,3199,9691,6452,19342
27032_AM,1507,4105,1377,6989
27039_AM,2525,5547,2059,10131
27040_AM,816,2750,2291,5857
27041_AM,1817,4090,1831,7738
27042_AM,1335,2856,1016,5207
27044_AM,1234,3318,1397,5949
27048_AM,1038,3093,1477,5608
27050_AM,1429,3353,1368,6150
27051,2238,5755,2216,10209
27057,2977,7261,3591,13829
27058_AM,1150,2898,1405,5453
27065,3211,8825,2732,14768
27066,3762,9001,3118,15881
27902,2200,4739,2467,9406
28002,1235,2535,1207,4977
28004,2614,5729,1514,9857
2800501,8444,20894,1480,30818
2800502,14076,35092,3213,52381
2800503,7383,18428,1999,27810
2800504,9322,23499,2783,35604
2800505,11716,29240,2511,43467
2800601,25627,63805,19335,108767
2800701,3232,15037,11650,29919
2800702,5473,24384,18451,48308
2800703,3452,16143,12539,32134
2800704,5944,27386,21131,54461
28008_AM,1526,3585,921,6032
28009,3856,10818,5472,20146
28010,2571,7758,4370,14699
2801301,1241,5676,6827,13744
2801302,1458,6670,8022,16150
2801303,1538,7033,8459,17030
2801304,1689,4987,3590,10266
28014,8124,29672,15467,53263
28015,7735,14270,7415,29420
28018,545,3337,2432,6314
28022,11391,25494,13868,50753
28023,1348,4812,2619,8779
28026,3167,7139,916,11222
28027_AM,1778,4711,2203,8692
28030_AM,1368,3633,1533,6534
28031_AM,1388,3777,1515,6680
28032_AM,1675,4745,2819,9239
28033,1385,3670,1408,6463
28038_AM,3041,7384,1419,11844
28040,3807,12234,8148,24189
28041,1552,4202,2065,7819
28043,2346,5186,1054,8586
28044,1496,5502,2758,9756
28045,8577,25172,15020,48769
28046,1537,4040,1638,7215
28047,12762,34728,14042,61532
2804901,6352,17969,9622,33943
2804902,5489,15525,8314,29328
2804903_AD,3477,9838,5262,18577
28050_AM,1960,5196,2672,9828
28052_AM,2146,5588,2897,10631
28053,2896,6168,1461,10525
28054,4411,8422,2883,15716
2805801,1713,4404,2192,8309
2805802,4252,11262,5944,21458
2805803,3145,8359,4441,15945
2805804,5364,14218,7485,27067
2805805,2192,5826,3095,11113
2805806,6594,17525,9308,33427
2805807,4690,12464,6623,23777
2805808,4446,11815,6278,22539
2805809,5050,13427,7105,25582
28059,1692,3608,1491,6791
28060_AM,1376,3502,1170,6048
28061,5947,18347,10327,34621
2806501,3999,13800,7023,24822
2806502,5296,18736,9797,33829
2806503,10600,35742,18165,64507
2806504,7906,27672,14289,49867
28066,2152,5854,2788,10794
28067_AM,1409,4450,2384,8243
28068,3755,9175,4752,17682
28072,1658,4445,2302,8405
28073,4229,11765,3317,19311
2807401,7920,17483,5665,31068
2807402,5430,11844,3708,20982
2807403,8349,18542,6093,32984
2807404,11215,24463,7659,43337
2807405,8497,18565,5829,32891
2807406,3239,7065,2212,12516
2807407,3348,7304,2287,12939
28075,2704,5460,1799,9963
2807901,26078,66241,29929,122248
2807902,30588,77698,35106,143392
2807903,23574,59881,27055,110510
2807904,28164,71539,32323,132026
2807905,28151,71505,32308,131964
2807906,30489,77446,34992,142927
2807907,25928,65859,29757,121544
2807908,48157,122992,55424,226573
2807909,23066,59708,25348,108122
2807910,46660,123913,54768,225341
2807911,50874,129225,58387,238486
2807912,28096,71368,32246,131710
2807913,47328,120217,54317,221862
2807914,19516,49573,22398,91487
2807915,43244,109844,49630,202718
2807916,37081,94062,41593,172736
2807917,29029,76091,34973,140093
2807918,21359,56677,26156,104192
2807919,14611,38469,17828,70908
2807920,30821,80395,38055,149271
2807921,9823,25205,11131,46159
2808001,5980,15469,6149,27598
2808002,9256,23928,9394,42578
28082,1908,5257,1660,8825
28083,1928,6678,5209,13815
28084,4405,12222,6919,23546
28085_AM,2178,5259,2248,9685
28086,1588,4819,3607,10014
28087,1185,2511,1118,4814
28089,1116,2545,1428,5089
28090,2723,7525,2495,12743
28091,2000,4502,1224,7726
2809201,7769,20841,10126,38736
2809202,9918,27017,13354,50289
2809203,8365,22462,10978,41805
2809204,14353,37895,18450,70698
28095_AM,1261,3513,1484,6258
28096,6033,15662,7566,29261
28099_AM,1385,3433,1193,6011
28100,1762,3689,1226,6677
28104,4600,13445,5139,23184
2810601,26632,67095,31005,124732
28108,1555,3475,1060,6090
28110_AM,1667,4587,2191,8445
2811301,6167,14934,2903,24004
2811302,6681,16171,3139,25991
2811501,10028,29591,7747,47366
2811502,7269,21461,5593,34323
28119_AM,1242,3538,1894,6674
2812301,15899,48771,19437,84107
28125_AM,1895,4624,2189,8708
2812701,17021,48139,27815,92975
28129,2276,6437,4741,13454
28130,7319,23356,7558,38233
28131,4856,10292,3170,18318
28132,4774,10557,4164,19495
28133_AM,2688,6630,2812,12130
2813401,14839,46818,22752,84409
28137_AM,1672,5033,2605,9310
28140_AM,1215,3516,1257,5988
28141,689,4363,3990,9042
28144,1966,5695,1310,8971
28145_AM,1489,3849,1933,7271
2814801,4716,18110,16141,38967
2814802,5636,22019,19398,47053
2814803,1634,6367,5494,13495
2814804,3126,12300,11027,26453
28149,1916,5436,1711,9063
28150,1018,2493,1176,4687
28151_AM,1162,2834,1182,5178
28152,5171,11952,6170,23293
28154,1895,4333,1490,7718
28160,1202,6769,5090,13061
2816101,8924,23790,12967,45681
2816102,5204,13993,7794,26991
28162_AM,1911,4395,1205,7511
28164,1401,2567,865,4833
28165_AM,1586,4828,2195,8609
28167,2330,7409,2642,12381
28171,1928,4313,737,6978
28172,3113,7655,2557,13325
28176,5095,11350,4867,21312
28177,1741,8567,6608,16916
28180,1898,4510,1351,7759
28181,4997,14119,7386,26502
28901_AM,1357,3690,1628,6675
28903,10529,25079,7964,43572
29001,1493,3189,809,5491
29002_AM,1403,3612,1578,6593
29005,1779,3717,789,6285
29007,9191,19711,11253,40155
29008,5753,11787,8122,25662
29009_AM,1789,3699,1342,6830
29011_AM,1335,3973,1910,7218
29012,2804,7444,3555,13803
29015_AM,11608,26222,7041,44871
29017,2270,4878,2293,9441
29023,1360,4006,2283,7649
2902501,1427,5981,3937,11345
2902502,3924,16909,11114,31947
2902503,3205,13724,9095,26024
29027_AM,1047,2459,888,4394
29028_AM,1057,3161,1456,5674
29031_AM,1395,3313,1324,6032
29032,1887,4732,2458,9077
29038,5333,12925,7732,25990
29039_AM,1469,3992,2351,7812
29040_AM,1415,3285,1599,6299
29041,1437,2959,1507,5903
29042,4373,12912,4946,22231
29045_AM,1735,3817,1656,7208
29046_AM,1678,4372,1825,7875
29049_AM,1251,3003,1104,5358
2905101,6056,16974,4680,27710
2905102,4680,13212,3557,21449
2905103,3870,10925,2985,17780
2905401,11212,24351,7378,42941
2905402,3317,7207,2180,12704
2905403,4597,9997,3031,17625
2906701,658,2364,1219,4241
2906702,11192,36592,18390,66174
2906703,515,1818,938,3271
2906704,2317,8320,4290,14927
2906705,605,2134,1102,3841
2906706,8935,31505,16396,56836
2906707,17789,63022,32766,113577
2906708,16709,58960,30564,106233
2906709,12110,43472,22419,78001
2906710,13505,48482,25002,86989
2906711,3110,10971,5722,19803
29068,3415,7452,4413,15280
2906901,13482,32119,16753,62354
2906902,7600,18177,9500,35277
2906903,5373,12809,6683,24865
2906904,3924,9400,4932,18256
2907001,20509,41607,15445,77561
29072,908,2689,1553,5150
29073_AM,780,2992,1628,5400
29075,4533,11949,4662,21144
29076_AM,1012,2714,1438,5164
29079_AM,1451,4264,2110,7825
29080,2230,5534,1820,9584
29082_AM,9552,25105,13412,48069
29084_AM,7835,22714,8836,39385
29086_AM,1132,2725,1213,5070
29088_AM,1594,5485,2698,9777
29089_AM,984,3040,1999,6023
29091,2485,7914,5022,15421
2909401,6894,17397,5708,29999
2909402_AD,2820,7263,2562,12645
2909403,6072,14914,4587,25573
2909404,3027,7369,2105,12501
29095_AM,1294,3300,1348,5942
29097_AM,2224,5410,2205,9839
29100_AM,1287,4087,2031,7405
29901,7699,38043,20686,66428
30001,1715,3254,1452,6421
30002,3471,6902,3312,13685
30003,11807,23627,1524,36958
30005,9229,21215,10493,40937
30007,2574,5008,2140,9722
30008,5201,11716,4366,21283
30009,4131,11834,3616,19581
30010,2412,6528,2181,11121
30011,988,3463,2485,6936
30012,2245,6414,3458,12117
30013,2761,6043,1770,10574
30014_AM,1099,2863,1232,5194
30015,3764,13883,9567,27214
3001601,962,2335,1223,4520
3001602,2630,6380,3342,12352
3001603,6568,15934,8346,30848
3001604,1308,3173,1662,6143
3001605,2555,6132,3006,11693
3001606,4517,10949,5699,21165
3001607,4476,10890,5678,21044
3001608,9812,23805,12469,46086
3001609,1636,3979,2074,7689
3001610,10731,26033,13636,50400
30017,4372,9314,2073,15759
30018,3048,6940,1664,11652
30019,8794,20454,6952,36200
30020,2736,6005,2014,10755
30021,2789,10372,4306,17467
30022,6547,13999,7202,27748
30023,1410,3583,993,5986
3002401,8564,32173,17351,58088
3002402,5204,19105,10178,34487
30025,1852,4024,1740,7616
30026,8755,20837,2272,31864
3002701,12854,37642,18717,69213
30028,2334,5077,982,8393
30029_AM,5407,11641,3855,20903
3003001,9971,33589,11957,55517
3003002,8421,28369,10098,46888
3003003,9001,30322,10794,50117
3003004,16533,54239,19869,90641
3003005,13200,44468,15829,73497
3003006,8789,29029,10285,48103
3003007,9143,28073,10019,47235
3003008,2092,7054,2525,11671
30033,4083,8373,3229,15685
30035,5116,20118,8594,33828
30036,5602,14235,5925,25762
30037,6314,19565,9978,35857
30038,5914,13773,3532,23219
30039_AM,7818,16907,6588,31313
30041,5149,11499,2918,19566
30042_AM,985,2342,884,4211
30043,5360,19199,10333,34892
30901,2854,9283,4219,16356
30902,3911,8453,3961,16325
31010_AM,1754,4859,2424,9037
31015_AM,1367,3356,1036,5759
31016,913,4809,4786,10508
31019_AM,1029,2701,1204,4934
31023,3067,5984,1331,10382
31029_AM,941,2391,1049,4381
31036_AM,984,2616,1051,4651
31038_AM,1057,2886,1134,5077
31041_AM,1237,3385,1793,6415
31042_AM,896,2750,1619,5265
31050_AM,1705,4855,2168,8728
31060,3400,9252,5789,18441
31067_AM,1150,3282,1276,5708
31070,891,2246,1173,4310
31072_AM,2270,5716,2391,10377
31076_AM,1785,3828,1695,7308
31077,1893,3852,2099,7844
31078_AM,759,2961,1971,5691
31084_AM,1272,3110,1226,5608
31086,5238,10677,4905,20820
31088,1467,4596,2576,8639
31092_AM,980,2484,971,4435
31097,2723,8093,3533,14349
31098_AM,1342,3304,1159,5805
31104_AM,770,1998,996,3764
31108_AM,1019,2592,1043,4654
31122,1859,3684,1558,7101
31138_AM,939,2304,854,4097
31142_AM,1492,3509,1434,6435
31149_AM,1000,2305,878,4183
31157_AM,1358,3420,1460,6238
31163_AM,1333,3170,982,5485
31165_AM,1409,2767,726,4902
31169_AM,854,3073,2097,6024
31176_AM,2200,5399,1757,9356
31191_AM,1491,3692,1284,6467
3120101,2290,5795,1965,10050
3120102,4256,10771,3652,18679
3120103,7816,19840,6783,34439
3120104,7383,18083,6448,31914
3120105,4198,10658,4080,18936
3120106,3697,10322,5040,19059
3120107,9082,24966,10184,44232
3120108,2439,6150,2098,10687
31202,1357,2957,1090,5404
31206_AM,777,2089,976,3842
31208_AM,994,3345,2014,6353
31215,1166,3538,1676,6380
31216_AM,1917,4652,1699,8268
31221_AM,1113,3035,1361,5509
31227,3132,7027,1051,11210
31232,4770,17963,12768,35501
31249_AM,1226,3845,1562,6633
31250_AM,1968,4737,1614,8319
31251_AM,950,2562,904,4416
31258,1804,5753,2558,10115
31260_AM,1032,2580,1139,4751
31901,1890,9159,7129,18178
31902,933,3348,2506,6787
31903,2071,5608,1701,9380
31904_AM,1486,3244,1268,5998
31905_AM,1468,3141,739,5348
31906_AM,1299,2886,1498,5683
31907,3530,7329,3374,14233
31908_AM,1068,2641,1114,4823
32001_AM,1662,4645,1485,7792
32004_AM,1692,3614,1366,6672
32007_AM,1492,3838,1869,7199
32008_AM,3129,7731,2739,13599
32009,2033,7802,3934,13769
32013_AM,1455,3411,1665,6531
32017_AM,1184,3038,840,5062
32019,3091,7901,3078,14070
32020_AM,1192,3234,1829,6255
32024,1053,3002,1595,5650
32026_AM,1455,3477,1009,5941
32032,2670,5704,1954,10328
32042_AM,1337,3268,1382,5987
32043_AM,1470,3809,1430,6709
32045_AM,1336,3512,1542,6390
32050_AM,1695,4283,2053,8031
32051_AM,1398,3012,805,5215
3205401,5512,10925,3672,20109
3205402,4304,8487,2838,15629
3205403,6033,12365,4020,22418
3205404,4294,8532,2910,15736
3205405,7207,14295,4733,26235
32056_AM,1024,2921,1208,5153
32058_AM,1853,4869,2002,8724
32063_AM,1380,3307,1431,6118
32067_AM,1364,3391,1421,6176
32069,1170,2784,1166,5120
32072_AM,1839,4646,1599,8084
32075_AM,1713,4135,1788,7636
32076_AM,1665,3714,1107,6486
32085,3467,8640,2424,14531
32086_AM,1269,3016,1063,5348
32091_AM,1389,3483,1123,5995
33001_AM,1154,2933,1148,5235
33002,3079,7528,1012,11619
3300401,12975,39318,25608,77901
33007_AM,955,2280,895,4130
33008_AM,1122,3307,1745,6174
33011,2074,7690,3989,13753
33012,1603,3906,867,6376
33014,2196,5767,2718,10681
33015_AM,602,1694,918,3214
33016,4436,12563,5580,22579
33019_AM,764,2650,1048,4462
33020_AM,4061,8692,3699,16452
33021,638,3011,2341,5990
33023_AM,1447,3998,1578,7023
3302401,7881,18468,5428,31777
3302402,654,1533,450,2637
3302403,7866,18432,5418,31716
3302404,4253,9967,2929,17149
3302405,7602,17814,5236,30652
3302406,8010,18771,5517,32298
3302407,15710,36814,10821,63345
3302408,7362,17252,5071,29685
3302409,6431,15090,4481,26002
33025,1302,5933,3495,10730
33026_AM,2872,6984,2665,12521
33031,8174,21562,9873,39609
33032,3091,6824,5065,14980
33033,1187,5955,5089,12231
33034,2426,7352,3397,13175
33035,2805,7315,4367,14487
33036,3812,9081,1875,14768
33037,6721,21194,10726,38641
33038_AM,1513,3868,1632,7013
33040_AM,2453,5921,1662,10036
33041,1668,4744,2053,8465
33042,1192,3142,1200,5534
3304401,1007,3743,2513,7263
3304402,1347,5004,3359,9710
3304403,2217,8238,5530,15985
3304404,2682,9758,6426,18866
3304405,2345,8711,5848,16904
3304406,4834,17959,12056,34849
3304407,1363,5065,3400,9828
3304408,2620,9733,6534,18887
3304409,2743,10192,6842,19777
3304410,2517,9351,6277,18145
3304411,1169,4343,2915,8427
3304412,2494,9280,6272,18046
3304413_AD,694,2579,1752,5025
3304415,514,1835,1210,3559
3304416,680,2499,1671,4850
33045,1391,3183,1319,5893
33049,1867,4454,1614,7935
33051_AM,2322,6113,3132,11567
33056,1447,3172,1721,6340
33059,1541,3267,923,5731
33060,4317,10108,2129,16554
33066,12546,29964,9830,52340
33069_AM,1449,3298,1431,6178
33070_AM,1910,4334,1529,7773
33072_AM,815,3936,2477,7228
33073,2473,5240,2123,9836
33074_AM,1169,3052,1235,5456
33076,4291,10086,2597,16974
34004_AM,1449,4100,1836,7385
34017_AM,1241,3082,1031,5354
34022_AM,1112,2957,1142,5211
34023,1298,2897,2036,6231
34047_AM,1359,3081,1089,5529
34056_AM,1190,2851,1249,5290
34069_AM,1197,2934,1380,5511
34079_AM,1323,3391,1600,6314
34080,934,3808,2021,6763
34083_AM,1176,2912,1105,5193
3412001,451,1961,1692,4104
3412002,509,2150,1825,4484
3412003,549,2388,2061,4998
3412004,1103,4793,4136,10032
3412005,2559,9832,7791,20182
3412006,1241,5049,4202,10492
3412007,2568,11159,9630,23357
34123_AM,1077,2559,1025,4661
34157_AM,1445,3428,1303,6176
34199_AM,1230,2968,1095,5293
34225,916,3074,2143,6133
34232_AM,1524,3436,1275,6235
35001,1447,3239,1152,5838
35002,7374,18473,6424,32271
35003_AM,3327,7276,1551,12154
3500401,4447,10778,6352,21577
3500402,7989,19388,11500,38877
35006,6952,21003,10505,38460
35008,1912,4412,1957,8281
35009,6457,14280,3647,24384
35010,1153,2695,968,4816
35011,7043,18336,5524,30903
35012,3698,10271,5200,19169
35013,1634,4309,1646,7589
35014,4863,12380,6347,23590
35015,4061,10326,5118,19505
3501601,16204,34487,17847,68538
3501602,18925,39850,20809,79584
3501603,16274,34268,17894,68436
3501604,24421,51424,26853,102698
3501605,12669,27256,14095,54020
35017,10252,22872,6992,40116
35018,2459,9429,6463,18351
3501901_AD,2984,6190,2882,12056
3501902,1262,2870,1410,5542
3501903,7904,18155,8968,35027
3501904,2708,6244,3086,12038
35020,1392,4442,1706,7540
35021,3591,9749,4647,17987
3502203,15625,30986,13960,60571
35023,4317,9201,1378,14896
35024,5864,13119,2509,21492
3502601_AD,4626,11356,4877,20859
3502602,3616,8875,3811,16302
3502603,7184,17587,7576,32347
3502604,1401,3430,1453,6284
3502606,6131,15072,6424,27627
35027,3050,6344,3117,12511
35028,4426,11009,4684,20119
35029,1403,3325,1220,5948
35030,3074,7359,3884,14317
35031,2220,4670,2326,9216
35032_AM,1183,3165,1783,6131
35033,1072,3611,2634,7317
35034,4170,9366,2590,16126
36003_AM,2543,7876,5287,15706
36004,1486,6284,4176,11946
36005,2398,6230,2079,10707
36006,4110,9201,778,14089
36008,6455,15631,5381,27467
36009_AM,1983,4365,1630,7978
36015,1401,2857,916,5174
36017,4586,10874,6893,22353
36018_AM,712,3226,2342,6280
36021,3629,8236,3677,15542
36022,3010,6212,1959,11181
36023,2857,5877,1722,10456
36024,4857,10728,4951,20536
36026,5416,12984,6290,24690
36027,802,2890,1819,5511
36028,711,2836,1534,5081
36029,4216,11138,4459,19813
36030_AM,815,3104,1586,5505
36032_AM,2309,6323,2742,11374
36033,2463,9201,3426,15090
36034_AM,2059,4522,1102,7683
36035,4363,10585,3076,18024
36037_AM,1650,4437,2087,8174
3603801,3114,8996,3258,15368
3603802,7855,22737,8251,38843
3603803,1062,3035,1119,5216
3603804_AD,2851,8179,2975,14005
3603805_AD,1620,4681,1701,8002
36039,4960,10362,3724,19046
36041,3576,9740,3335,16651
36042,5696,13937,4266,23899
36043,1248,3595,1256,6099
36044,577,1609,751,2937
36045,8036,15543,5495,29074
36046,745,2596,1915,5256
36047_AM,1572,3794,1454,6820
36048,1380,3610,1742,6732
36049,2291,5157,1904,9352
36050,2375,5122,2616,10113
36051,3862,8852,6309,19023
36052,2248,5237,1818,9303
36053,2010,4180,1421,7611
36054,3260,8366,2352,13978
36055,4766,9524,3054,17344
36056_AM,1733,5145,2558,9436
3605701,2645,10317,7147,20109
3605702,4151,16186,11213,31550
3605703,5324,20760,14382,40466
3605704,6328,24677,17096,48101
3605705,2030,7917,5484,15431
3605706,3612,14085,9758,27455
3605707,7473,28988,19933,56394
3605708,2562,9951,6860,19373
3605709,3763,13866,9068,26697
36058,1417,3403,1505,6325
36059,1539,3042,1011,5592
36060,9990,20949,7194,38133
36061,2342,7429,952,10723
36901,1299,2897,837,5033
36902_AM,2341,4628,1231,8200
37008,687,2849,2000,5536
37010_AM,1276,3007,1121,5404
37014_AM,997,2345,923,4265
37046_AM,3749,8513,2099,14361
37067_AM,1547,3743,1636,6926
37069_AM,1640,3965,1565,7170
37073_AM,1438,3314,1130,5882
37085,1289,4132,1713,7134
37092_AM,1367,3180,1209,5756
37103_AM,1485,3495,1220,6200
37107,3954,7640,1590,13184
37135_AM,1291,2879,1081,5251
37136_AM,1148,2717,1081,4946
37140_AM,1164,2749,999,4912
37142_AM,1524,3546,1245,6315
37156,1314,3198,1172,5684
37170_AM,1308,3054,1032,5394
37172_AM,1321,3146,1169,5636
37173_AM,1190,2886,1069,5145
37174_AM,1378,3140,1085,5603
37246,1837,3644,1213,6694
3727401,2388,5204,2098,9690
3727402,5352,11800,4747,21899
3727403,5970,13011,5212,24193
3727404,6493,14220,5588,26301
3727405,5921,12905,5169,23995
3727406,6625,14451,5822,26898
37294,3652,7599,3421,14672
37313_AM,1516,3512,1215,6243
37322_AM,1502,3512,1291,6305
37354_AM,2583,6303,1962,10848
37362,1687,3730,1160,6577
37374_AM,1776,3836,1172,6784
37376_AM,1330,2873,1081,5284
38001,12544,27180,6559,46283
38004,1344,3291,708,5343
38005,1990,4766,1360,8116
3800601,18601,42556,17559,78716
38008,1861,4097,1056,7014
38009,1511,3276,471,5258
38010,1189,2840,755,4784
38011,7013,14720,4384,26117
38013_AM,1314,3216,1193,5723
38015_AM,1705,4219,1404,7328
38017,7505,26126,13789,47420
38018,1165,3328,1304,5797
38019,5714,10904,3541,20159
38020_AM,5934,11914,4270,22118
38022,5177,12884,4968,23029
3802301,11427,25561,5637,42625
3802302,9444,21179,4642,35265
3802303,10660,23799,5501,39960
3802304,2639,6057,1534,10230
3802305,5078,11427,2573,19078
3802306,1522,3411,749,5682
38024,5893,12177,2093,20163
38025,1128,4439,2990,8557
38026,11416,24395,7193,43004
38027,2790,4578,380,7748
38028,6185,16148,7406,29739
38029_AM,987,3011,1626,5624
38031,10272,19825,7693,37790
38032,3671,9464,3897,17032
38033_AM,1578,3469,1334,6381
38034,1264,2545,1162,4971
38035_AM,4606,11376,4125,20107
38036_AM,1724,4929,2000,8653
38037,3572,8605,2196,14373
3803801,3736,7629,3669,15034
3803802,2493,5090,2448,10031
3803803,5419,11065,5321,21805
3803804,3007,6139,2952,12098
3803805,4809,9820,4722,19351
3803806,7395,15099,7261,29755
3803807_AD,2896,5920,2830,11646
3803809,4399,8982,4319,17700
3803810,4036,8241,3963,16240
3803811,7736,15881,7389,31006
3803812,4428,9316,4395,18139
38039,4360,9087,1039,14486
38040,2726,5453,1837,10016
38041,2653,4760,1337,8750
38042,578,2241,1912,4731
38043,3647,11839,7923,23409
38045_AM,1737,4352,1501,7590
38046,3343,6368,2002,11713
38048,1078,2596,875,4549
38049_AM,2020,6231,2470,10721
38051,2287,4698,1494,8479
38053_AM,1001,3556,2213,6770
39001_AM,1659,3896,1406,6961
39002_AM,2083,4927,1791,8801
39008,4954,10479,2319,17752
39009_AM,1322,2759,1130,5211
39012,2398,5017,973,8388
39016,7220,16152,6720,30092
39018,1654,3297,784,5735
39020_AM,7986,20941,9253,38180
39023,2159,5211,851,8221
39025,3008,5742,2095,10845
39026_AM,1618,3660,1105,6383
39027_AM,1385,3352,986,5723
39028,1435,2906,985,5326
39035,1977,6663,2885,11525
39037_AM,1197,2522,830,4549
39040,1439,2815,1075,5329
39041_AM,1266,3502,1536,6304
39042,1114,4039,2183,7336
39043_AM,1486,3103,901,5490
39044,1236,2965,940,5141
39047_AM,1782,4132,1405,7319
39052,6230,15234,4347,25811
39054,1341,3383,1133,5857
39055_AM,1428,3333,1310,6071
39056_AM,1425,3203,922,5550
39059,2300,6030,1457,9787
39060,2408,4696,1445,8549
39061_AM,2460,5792,2333,10585
39073,3057,7634,2024,12715
39074,1556,5274,2806,9636
3907501,2061,4900,2176,9137
3907502,5851,13914,6180,25945
3907503,3201,7612,3381,14194
3907504,3688,8770,3895,16353
3907505,3747,8910,3957,16614
3907506,3121,7421,3296,13838
3907507,5884,13993,6215,26092
3907508,9692,23057,10197,42946
39076,1324,2588,512,4424
39078_AM,1098,3102,1395,5595
39079,2531,6441,2286,11258
39080_AM,1866,4405,1120,7391
39082_AM,1524,3681,1199,6404
39085,1307,4376,3238,8921
3908701,4769,8822,2247,15838
3908702_AD,3544,6686,1737,11967
3908703,3851,7169,1825,12845
3908704,3373,6264,1595,11232
39091_AM,1725,3828,1186,6739
39094_AM,828,1745,549,3122
39099_AM,2199,4987,1939,9125
39102_AM,1318,3485,1738,6541
40032_AM,1345,3151,1120,5616
40040_AM,1197,3068,1128,5393
40041_AM,1296,2931,1136,5363
40043_AM,1319,2956,926,5201
40057_AM,1151,2600,792,4543
40063,2593,5991,1260,9844
40076,2528,4675,1832,9035
40101_AM,1087,2916,917,4920
40112_AM,1332,2875,974,5181
40138_AM,1239,2944,1041,5224
40141_AM,1239,2720,796,4755
40145_AM,1572,3426,914,5912
40149_AM,953,2135,736,3824
40155,1573,3049,416,5038
40170_AM,1188,2776,810,4774
40181,1420,3135,964,5519
4019401_AD,1384,3302,995,5681
4019403,2023,4826,1455,8304
4019404,3789,9017,2697,15503
4019405,2541,6062,1828,10431
4019406,1566,3736,1126,6428
4019407,1241,2868,909,5018
40225_AM,1627,3656,1095,6378
40906_AM,1309,3098,1099,5506
4100401,2073,4997,1322,8392
4100403,3378,8145,2155,13678
4100404_AD,13415,32383,8613,54411
41005,3043,6851,2289,12183
41007,4707,9535,2136,16378
41010,1733,3535,1039,6307
41011_AM,6133,13527,4257,23917
41012_AM,2587,5425,1389,9401
41013,1675,3741,936,6352
41015,1941,3809,1588,7338
41016,2741,6462,2296,11499
41017,3120,11601,6724,21445
41018,3786,6812,2080,12678
41019,1984,3645,1214,6843
41020,4360,10210,2905,17475
41021,7879,15525,3256,26660
41022,1297,3464,1048,5809
41023,2920,5935,1778,10633
41024,8620,17648,5086,31354
41026_AM,1772,5367,1908,9047
41027,1154,3432,1112,5698
41029,4777,9259,3130,17166
41032_AM,1464,4200,1438,7102
41033_AM,1723,4643,1512,7878
41034,8870,20351,1912,31133
41036_AM,1412,3002,553,4967
4103801,1761,6542,3357,11660
4103802,2825,10496,5386,18707
4103803,3424,12722,6529,22675
4103804,5623,20894,10723,37240
4103805,6679,24388,12367,43434
41039,9757,24952,7264,41973
41040,3803,8710,3304,15817
41041_AM,3914,7986,1780,13680
41042,1943,4590,1291,7824
41044,3447,5520,1345,10312
41045,1929,4253,1609,7791
41046_AM,1191,3172,1617,5980
41047,3579,7047,2880,13506
41048_AM,1244,2810,1101,5155
41049,2507,7078,3982,13567
41050,921,3564,2160,6645
41051_AM,1876,3872,1107,6855
41053,6537,15994,5436,27967
41055_AM,6043,13051,3794,22888
41056_AM,2053,4511,1811,8375
41058,5098,13843,4924,23865
41059,10993,25687,8540,45220
41060,5602,14353,1732,21687
41064,1879,4324,1182,7385
41065_AM,8058,17743,3345,29146
41067_AM,3778,7688,1954,13420
41068_AM,5977,12300,4118,22395
41069,10039,21970,7683,39692
41070,2392,4772,1557,8721
41071,2013,4100,1114,7227
41072,919,2802,1549,5270
41074_AM,1943,4202,936,7081
41075,2174,8769,3532,14475
41076_AM,1419,2873,939,5231
41077,2472,6894,1994,11360
41079,3896,7178,1052,12126
41080_AM,1768,4630,1571,7969
41081,11862,21778,5253,38893
41082,1123,2585,717,4425
41084_AM,1851,3946,914,6711
41085,1510,3038,1191,5739
41086,4682,13379,3001,21062
41087,3521,7681,2839,14041
41089,2265,4501,1509,8275
41090_AM,2894,6362,2213,11469
4109101,18946,31495,2643,53084
4109102,24706,41071,3447,69224
4109103,16072,26717,2242,45031
4109104,30106,50047,4201,84354
4109105,22157,36834,3092,62083
4109106,14568,25299,3312,43179
4109107,24847,42050,4685,71582
4109108,20614,34268,2876,57758
4109109,36009,60041,5171,101221
4109110,13632,22662,1902,38196
4109111,7740,13146,1717,22603
41092,2307,5891,1668,9866
41093,6154,13111,5342,24607
41094,2434,5147,1053,8634
4109501,3244,7193,2498,12935
4109502_AD,2836,6288,2183,11307
4109503,2439,5410,1878,9727
4109505,4964,11022,3787,19773
41096_AM,2889,6583,1603,11075
41098,949,3524,2483,6956
41099,1511,3110,647,5268
41101,1904,4488,1792,8184
41102,3233,11218,5122,19573
41902,1462,3341,1220,6023
41903,1938,5364,1218,8520
42020,1133,3080,893,5106
42025_AM,1237,2676,909,4822
42035_AM,1349,3108,803,5260
42043_AM,1304,2907,966,5177
42069_AM,829,2180,849,3858
42094_AM,1147,2667,852,4666
42095_AM,1193,2927,982,5102
42134_AM,1563,3621,820,6004
42162_AM,1548,3537,1237,6322
42173,9960,21403,7582,38945
43004,2659,5146,1479,9284
43005,1243,2740,1055,5038
43009_AM,1242,3096,993,5331
43012,1352,3014,897,5263
43013,1800,3629,1431,6860
43014,5739,12677,3007,21423
43016,1457,2824,882,5163
43019_AM,1479,3383,1010,5872
43026_AM,1447,3588,1138,6173
43028_AM,1541,3492,1050,6083
43037,7517,16409,3431,27357
43038_AM,8878,20592,6100,35570
43042_AM,845,2375,1112,4332
43043_AM,1285,3539,1263,6087
43044,1394,3156,1049,5599
43047,2070,3746,504,6320
43050_AM,1930,4259,805,6994
43051,2708,7611,2919,13238
43052_AM,1255,2737,773,4765
43054_AM,1217,2662,859,4738
43055_AM,1075,2645,735,4455
43060_AM,1552,3211,930,5693
43064_AM,1150,2858,1141,5149
43086,1807,4284,1375,7466
43090_AM,1510,3319,922,5751
43092,3698,6642,2151,12491
43093,1239,2982,1305,5526
43094_AM,1266,3054,854,5174
43100,1283,2818,374,4475
43108_AM,1294,2999,826,5119
43109_AM,2448,4771,1652,8871
4312301,1063,2330,1129,4522
4312302,4270,9356,4534,18160
4312303,3919,8586,4161,16666
4312304,2063,4520,2190,8773
4312305,2372,5196,2518,10086
4312306,4406,9653,4678,18737
4312307,2147,4592,2026,8765
4312308,2742,5995,2842,11579
4312309_AD,1259,2832,1338,5429
43126_AM,2313,4940,1458,8711
43128_AM,1458,3151,835,5444
43129_AM,2493,6392,2492,11377
43131,2182,3830,1021,7033
43133,2025,4265,1666,7956
43136,4206,8769,2272,15247
43137_AM,1077,2776,947,4800
43138_AM,1843,4276,1370,7489
43139_AM,1319,3170,881,5370
43140_AM,2347,5025,1464,8836
43145,1184,3229,941,5354
4314801_AD,2019,4498,1429,7946
4314804,4190,9335,2967,16492
4314805,2763,6155,1956,10874
4314806,5989,13078,4028,23095
4314807,10825,24076,7232,42133
4314808,5542,12212,3866,21620
4314809,2199,4687,1465,8351
43153,3475,9292,3705,16472
43155,8044,19249,6136,33429
43156,1275,3400,1687,6362
43161,6768,12727,3795,23290
43162,1564,3850,889,6303
43163,9497,22252,6344,38093
43166_AM,1407,2856,734,4997
43171,5886,12202,4333,22421
43176_AM,1566,3612,999,6177
43901_AM,3869,8979,2586,15434
43904_AM,2265,4566,1014,7845
43905,7098,14804,4379,26281
43906_AM,1855,3564,842,6261
43907,1624,3214,976,5814
44008_AM,1758,3845,1167,6770
44009_AM,1164,2592,736,4492
44013,4721,9825,2242,16788
44014_AM,1262,2796,819,4877
44025,2351,4746,1054,8151
44050_AM,1418,3348,861,5627
44051_AM,1059,2758,1028,4845
44059_AM,1197,2777,856,4830
44068_AM,1206,2559,747,4512
44076_AM,1749,3750,1007,6506
44153_AM,1515,3315,885,5715
44155_AM,1445,3298,1001,5744
44158_AM,1267,2763,844,4874
44210_AM,1292,2762,726,4780
44216,8033,18310,7444,33787
44238_AM,1137,2600,755,4492
44246_AM,1359,3057,984,5400
45002_AM,2349,4682,1031,8062
45014,901,2974,1501,5376
45015_AM,1172,2790,843,4805
45016,1708,3541,877,6126
45019,2224,6098,2072,10394
45020_AM,1548,3394,715,5657
45023_AM,1228,3428,1041,5697
45028,1105,3235,1170,5510
45031_AM,1914,4429,1421,7764
45037_AM,1560,3645,1014,6219
45038,1442,3299,778,5519
45040_AM,2276,5230,1609,9115
45041,1874,4233,1111,7218
45045_AM,2049,4205,1010,7264
45046_AM,1632,3442,904,5978
45047_AM,1390,3056,991,5437
45052_AM,1345,3067,878,5290
45053,2585,6245,1483,10313
45054_AM,2581,5330,1442,9353
45061_AM,1798,3741,807,6346
45064_AM,2427,5537,1500,9464
45066,2498,6608,2114,11220
45069_AM,1763,3574,897,6234
45071_AM,1532,3167,854,5553
45081,7817,17687,2420,27924
45084_AM,1757,3945,1108,6810
45087,2768,5987,1565,10320
45098_AM,1605,3541,1020,6166
45099_AM,2833,6040,1267,10140
45101_AM,2064,4198,979,7241
45102_AM,2246,5395,1262,8903
45106,2812,6005,1665,10482
45107,1447,2750,675,4872
45109_AM,998,2877,1189,5064
45112_AM,1479,3116,741,5336
45115_AM,1709,3960,937,6606
45118_AM,1411,3289,779,5479
45119_AM,2477,5038,1263,8778
45121_AM,3198,6457,2443,12098
45122,2281,4747,861,7889
45123,1219,2981,623,4823
45124_AM,1731,3443,753,5927
45125_AM,2737,5928,1481,10146
45132_AM,1282,3394,1224,5900
45133_AM,2458,5072,1522,9052
45135_AM,2803,5936,1123,9862
45136,2299,4834,1251,8384
45137_AM,1847,3935,1265,7047
45140_AM,1580,3545,942,6067
45142,3375,7045,1438,11858
45145_AM,2165,4557,1180,7902
45156_AM,1973,4106,1319,7398
45157_AM,2090,4298,1034,7422
45158_AM,1604,3374,902,5880
45161,6275,13873,3897,24045
45163,2888,6694,1606,11188
4516501,3693,8727,808,13228
4516502,7022,16573,1604,25199
4516503,8352,20210,2643,31205
4516504,3719,8788,814,13321
4516801_AD,1935,5548,1631,9114
4516805,7817,21615,6276,35708
4516806,1128,3160,904,5192
4516807,6153,17277,4986,28416
45173,4992,7808,962,13762
45176,1795,3497,634,5926
45181_AM,2502,4990,1000,8492
45185,2941,5689,1535,10165
45187_AM,2285,4885,1165,8335
45197_AM,1376,2992,884,5252
45199_AM,2704,5679,1050,9433
45200_AM,2317,5252,1166,8735
45201,1204,3366,1248,5818
45202,1626,3362,636,5624
45203_AM,2429,5958,1559,9946
45205,3090,6837,1615,11542
46001_AM,560,1383,385,2328
46005,7365,17541,3881,28787
46006_AM,2019,5253,1602,8874
46007_AM,4347,10411,3555,18313
46008_AM,2434,5032,1256,8722
46011_AM,4110,7567,2039,13716
46013,5594,13890,3616,23100
46014_AM,3077,6478,1089,10644
46015,2807,5800,1262,9869
46016_AM,1421,3459,943,5823
46017,12389,25929,5787,44105
46019,3421,6676,1926,12023
46020,1275,2945,1030,5250
46021,8406,17480,5011,30897
46022_AM,5930,11810,2624,20364
46029,6924,14498,5940,27362
46031,3698,8025,1926,13649
46032,1420,4048,1825,7293
46035,2332,5294,1237,8863
46039_AM,1221,3255,1055,5531
46042_AM,2580,5593,1357,9530
46044,1203,3053,1186,5442
46048_AM,2550,5028,973,8551
46051,3032,6779,1435,11246
46054,4034,8081,1995,14110
46060,3363,7167,1421,11951
46062,1654,3311,1023,5988
46070,6955,14786,3678,25419
46072,1219,2430,588,4237
46074_AM,2155,6049,2006,10210
46077,2329,5748,1831,9908
46078,9316,20868,5541,35725
46081,2811,7718,3263,13792
46082,1844,3808,1015,6667
46083,6399,11924,3107,21430
46085,4472,8827,2842,16141
46093_AM,1703,3714,1193,6610
46094,7597,16173,3442,27212
46097_AM,1331,3008,881,5220
46098_AM,2478,5490,1553,9521
46102,6808,13366,3886,24060
46105,6445,12487,4786,23718
46106_AM,2044,4424,1177,7645
46109,2388,4993,1500,8881
46110,9372,16602,2027,28001
46111_AM,4781,12294,3903,20978
46113_AM,1663,3579,1055,6297
46116,4662,10866,2973,18501
46118_AM,2176,4381,1178,7735
46122_AM,2442,5458,1131,9031
46126,1869,4039,1164,7072
46127_AM,1402,3120,771,5293
4613101_AD,2540,5100,1001,8641
4613102,6862,16069,3528,26459
4613104,3524,8166,1899,13589
4613105,3157,7392,1623,12172
4613106,2301,5400,1594,9295
4613107,1314,3076,779,5169
46132_AM,1312,3226,979,5517
46134_AM,2953,6377,1898,11228
46135,3909,7131,1798,12838
46139,1417,3492,1190,6099
46143_AM,2195,4580,1272,8047
46145,7338,14146,3402,24886
46147_AM,7113,16780,4263,28156
46150_AM,1836,4066,888,6790
46156_AM,1783,4294,1144,7221
46157_AM,1884,4200,1198,7282
46159,7031,17012,5286,29329
46160_AM,1479,3287,1019,5785
46164,3988,9721,2828,16537
46165,2701,5171,1422,9294
46166,2238,5831,2418,10487
46169,12859,23320,5474,41653
46170_AM,2141,4673,1358,8172
46171,5335,12666,2861,20862
46172_AM,3661,7738,1727,13126
46173_AM,1832,3917,1081,6830
46177_AM,1737,4190,981,6908
46178,2083,4397,1083,7563
46179_AM,1405,3284,909,5598
46181_AM,8095,17152,3648,28895
46183,2778,5200,882,8860
46184,10806,21393,3456,35655
46186,7896,13372,3589,24857
46190,11894,38775,16171,66840
46191_AM,2027,4588,1164,7779
46193,2350,6648,2061,11059
46194,6341,12424,2392,21157
46199,1875,4669,1440,7984
46200_AM,1732,3920,992,6644
46202,8254,14897,3792,26943
46203_AM,1671,4060,995,6726
46204,2800,5167,1240,9207
46205,5161,11771,3243,20175
46207,2313,5410,1273,8996
46211_AM,2449,5657,1828,9934
46213,7098,13245,1237,21580
46214_AM,7024,14023,4160,25207
46216,2094,4019,831,6944
46218_AM,1260,2877,753,4890
4622001_AD,4342,10088,2595,17025
4622004_AD,2168,4991,1247,8406
4622006,3865,9281,2344,15490
4622007,5303,12734,3216,21253
46223,2670,5778,1631,10079
46228_AM,2431,5037,1318,8786
46230,4951,10248,2864,18063
46231_AM,1406,2802,738,4946
46233,1694,3076,508,5278
46235,7947,15029,4773,27749
46237,2404,4749,1542,8695
46238,5669,10479,2226,18374
4624401,4823,10626,2624,18073
4624402,2379,5242,1294,8915
4624403,9799,21589,5333,36721
4624404,4371,9660,2393,16424
46248,1947,4706,1394,8047
46249,2618,6467,2830,11915
4625001,7065,13689,4116,24870
4625002,11395,22078,6638,40111
4625003,12967,25122,7553,45642
4625004,10499,19810,5447,35756
4625005,12370,23966,7206,43542
4625006,7572,14671,4411,26654
4625007,13605,25773,6676,46054
4625008,16320,30953,8085,55358
4625009,14237,27584,8294,50115
4625010,20017,38782,11661,70460
4625011,15229,29505,8871,53605
4625012,17335,33585,10098,61018
4625013,8790,17501,5144,31435
4625014,7203,13955,4196,25354
4625015,13770,28752,8124,50646
4625016,12392,24010,7219,43621
4625017,1709,3754,1124,6587
4625018,3444,7625,2085,13154
4625019,5578,11104,3235,19917
46254_AM,1072,2543,541,4156
46255_AM,1552,3588,997,6137
46256,2534,6459,1924,10917
46257,2002,4576,1092,7670
46258_AM,1665,4516,1342,7523
46261_AM,1425,3269,1076,5770
46903,2510,5860,1142,9512
47004_AM,1398,3170,919,5487
47007_AM,1789,4267,1263,7319
47010,5658,11711,2100,19469
47023_AM,1565,3185,830,5580
47030_AM,1349,2937,736,5022
47050,1202,2969,762,4933
47052,2207,4811,1479,8497
47071_AM,1633,3698,915,6246
47075,1840,3298,975,6113
47076,6397,13560,2710,22667
47085,7573,12601,1260,21434
47086_AM,1579,3234,845,5658
47090_AM,1914,4358,934,7206
47101_AM,1604,3241,810,5655
47104_AM,1411,3188,816,5415
47112_AM,1368,3053,881,5302
47114,1393,2990,963,5346
47129_AM,1437,3160,649,5246
47139_AM,1291,3046,880,5217
47155_AM,2335,4694,993,8022
47161,1567,3091,741,5399
47165,2319,5666,1295,9280
47173_AM,1663,3647,889,6199
47175_AM,3400,7225,1725,12350
4718601,1074,2026,565,3665
4718602,4111,7750,2162,14023
4718603,2094,3948,1101,7143
4718604,12280,23367,6532,42179
4718605,1364,2573,717,4654
4718606,10685,20262,5677,36624
4718607,5769,10876,3033,19678
4718608,9596,18349,4822,32767
4718609,3005,5666,1580,10251
4718610,20168,38537,10004,68709
4718611,14844,28343,7507,50694
4718612,1663,3144,831,5638
47197_AM,1544,3273,764,5581
47214_AM,1465,3233,857,5555
47217_AM,1480,2885,639,5004
47231,1853,3759,621,6233
48001_AM,2542,5160,1119,8821
48002,2793,5459,1592,9844
48003,4875,10845,2796,18516
48011,2445,6778,2749,11972
48012_AM,1481,2967,672,5120
4801301,1809,4055,1143,7007
4801302,3579,7684,2186,13449
4801303,1778,3987,1124,6889
4801304,2757,5554,1624,9935
4801305,3659,8201,2313,14173
4801306,3622,8122,2265,14009
4801307,2204,4947,1350,8501
4801308,2369,5353,1472,9194
4801309,3137,7032,1983,12152
48015,11238,25022,4030,40290
48016,2031,4184,773,6988
48017,4131,7943,1590,13664
48018_AM,1272,2804,606,4682
48019_AM,1471,2852,623,4946
4802001,11564,29258,5059,45881
4802002,8785,22008,4107,34900
4802003,6571,16255,2611,25437
4802004,10030,25253,4323,39606
4802005,15007,38174,6708,59889
4802006,12384,31457,5402,49243
4802007,11514,29206,5079,45799
4802008,7844,19799,3521,31164
48022_AM,1176,2737,784,4697
48026_AM,2190,4653,1014,7857
48027,7058,16845,4474,28377
48029,3054,7055,882,10991
48032,2173,4402,708,7283
48034,4152,8652,2320,15124
48036,7441,15515,5563,28519
48038_AM,1249,2678,601,4528
48043,1645,3876,691,6212
4804401,4331,8005,1805,14141
4804402,11580,21252,4663,37495
4804403,7966,14676,3213,25855
48045_AM,3225,6867,1441,11533
48046,5028,9933,1695,16656
48054,10396,18366,2175,30937
48057,1997,3924,1261,7182
48060_AM,1844,3277,476,5597
48065_AM,1345,3101,898,5344
48068_AM,1738,3993,1015,6746
48069,5067,9483,2941,17491
48071_AM,2381,5141,1350,8872
48073,2281,5059,1119,8459
48074,1059,2513,775,4347
48075_AM,1692,3491,644,5827
48077_AM,1660,3701,910,6271
48078,13363,26253,5710,45326
48080,3282,7360,1470,12112
48082,11658,27651,5371,44680
48083,2394,4940,1309,8643
48084,7734,15059,4326,27119
48085,3111,8170,2168,13449
48086_AM,963,2447,299,3709
48089_AM,1934,4223,1146,7303
48090,2266,4324,1192,7782
48094_AM,2454,5240,1440,9134
48095_AM,1196,2824,698,4718
48096,2542,4777,1030,8349
48901,1211,3393,1303,5907
48902,6399,14251,3021,23671
48904_AM,1804,3926,1062,6792
48905_AM,1878,4279,1079,7236
48906_AM,1156,2561,547,4264
48910_AM,1381,3160,712,5253
49003_AM,1487,3300,819,5606
49021,5011,11112,2426,18549
49054_AM,1780,3912,1006,6698
49065_AM,1444,3170,765,5379
49071_AM,1449,3164,816,5429
49081_AM,1445,3344,844,5633
49127_AM,2432,5770,1575,9777
49129_AM,1772,3815,830,6417
49151_AM,1615,3688,937,6240
49166_AM,1636,3499,798,5933
49178_AM,1872,4115,904,6891
49187_AM,1484,3126,736,5346
49193_AM,1538,3404,776,5718
49200_AM,1443,3349,836,5628
49206_AM,1494,3364,740,5598
49219_AM,2399,5930,1297,9626
49250_AM,1513,3384,722,5619
4927501,4351,10455,3190,17996
4927502,4657,11139,3350,19146
4927503,1461,3500,1061,6022
4927504,1542,3695,1117,6354
4927505,3005,7068,2006,12079
50008_AM,2181,5834,1030,9045
50018_AM,1294,3179,891,5364
50025,1487,4860,1665,8012
50034_AM,1455,3216,794,5465
50038_AM,1339,3048,843,5230
50055_AM,1527,3353,738,5618
50062_AM,923,3233,1152,5308
50067,1346,13785,5692,20823
50073_AM,1150,2969,852,4971
50074,112,4420,5213,9745
50089_AM,1308,7883,7513,16704
50094_AM,1187,3101,1015,5303
50095_AM,5069,10971,2743,18783
50099_AM,1521,4918,1785,8224
50115,192,3056,1507,4755
50118_AM,1701,3729,1180,6610
50126_AM,1409,3549,992,5950
50130_AM,893,2291,689,3873
50150_AM,916,2393,753,4062
50159_AM,1004,2528,740,4272
50160_AM,2049,4403,1017,7469
50163_AM,865,3594,1748,6207
50165_AM,1171,3290,2561,7022
50181_AM,1111,2695,690,4496
50182,930,3091,2575,6596
50204_AM,1518,3047,756,5321
50208_AM,1450,3193,988,5631
50209_AM,1068,3900,1858,6826
50219,1314,4069,1334,6717
50222_AM,983,2971,1027,4981
50225_AM,1066,2556,555,4177
50230_AM,2017,4363,1077,7457
50235_AM,852,2605,1800,5257
50240_AM,1378,2959,724,5061
50251_AM,2412,6370,3439,12221
50252,2175,3930,1009,7114
50272,3777,9874,4827,18478
50288,1044,3078,1266,5388
5029701,5388,17063,18860,41311
5029702,6338,20071,22184,48593
5029703,12646,40047,44263,96956
5029704,9885,38514,39479,87878
5029705,7870,24922,27546,60338
5029706,4788,17736,18688,41212
5029707,3136,9930,10976,24042
5029708,5161,16345,18066,39572
5029709,4712,15328,16378,36418
5029710,16991,53806,59469,130266
5029711,3411,11354,11388,26153
5029712,3644,9525,2954,16123
50298,840,4056,3655,8551
50903_AM,1131,3429,1015,5575
5100101,1670,7981,4454,14105
5100102,1135,5425,3028,9588
5100103,1907,9111,5085,16103
5100104,2518,12031,6715,21264
5100105,1183,5654,3156,9993
5100106,1508,7207,4023,12738
5200101_AD,234,3346,2055,5635
5200102,215,3077,1889,5181
5200104,375,5348,3283,9006
5200105,651,9280,5698,15629
5200106,223,3182,1954,5359
5200107,564,8050,4942,13556
5200108,1258,17937,11014,30209
